27.750000 -80.350000 1
27.751667 -80.350000 1
27.753333 -80.350000 1
27.755000 -80.350000 1
27.756667 -80.350000 1
27.758333 -80.350000 1
27.760000 -80.350000 1
27.761667 -80.350000 1
27.763333 -80.350000 1
27.765000 -80.350000 1
27.766667 -80.350000 1
27.768333 -80.350000 1
27.770000 -80.350000 1
27.771667 -80.350000 1
27.773333 -80.350000 1
27.775000 -80.350000 1
27.776667 -80.350000 1
27.778333 -80.350000 1
27.780000 -80.350000 1
27.781667 -80.350000 1
27.783333 -80.350000 1
27.785000 -80.350000 1
27.786667 -80.350000 1
27.788333 -80.350000 1
27.790000 -80.350000 1
27.791667 -80.350000 1
27.793333 -80.350000 1
27.795000 -80.350000 1
27.796667 -80.350000 1
27.798333 -80.350000 1
27.800000 -80.350000 1
27.801667 -80.350000 1
27.803333 -80.350000 1
27.805000 -80.350000 1
27.806667 -80.350000 1
27.808333 -80.350000 1
27.810000 -80.350000 1
27.811667 -80.350000 1
27.813333 -80.350000 1
27.815000 -80.350000 1
27.816667 -80.350000 1
27.818333 -80.350000 1
27.820000 -80.350000 1
27.821667 -80.350000 1
27.823333 -80.350000 1
27.825000 -80.350000 1
27.826667 -80.350000 1
27.828333 -80.350000 1
27.830000 -80.350000 1
27.831667 -80.350000 1
27.833333 -80.350000 1
27.835000 -80.350000 1
27.836667 -80.350000 1
27.838333 -80.350000 1
27.840000 -80.350000 1
27.841667 -80.350000 1
27.843333 -80.350000 1
27.845000 -80.350000 1
27.846667 -80.350000 1
27.848333 -80.350000 1
27.850000 -80.350000 1
27.851667 -80.350000 1
27.853333 -80.350000 1
27.855000 -80.350000 1
27.856667 -80.350000 1
27.858333 -80.350000 1
27.860000 -80.350000 1
27.861667 -80.350000 1
27.863333 -80.350000 1
27.865000 -80.350000 1
27.866667 -80.350000 1
27.868333 -80.350000 1
27.870000 -80.350000 1
27.871667 -80.350000 1
27.873333 -80.350000 1
27.875000 -80.350000 1
27.876667 -80.350000 1
27.878333 -80.350000 1
27.880000 -80.350000 1
27.881667 -80.350000 1
27.883333 -80.350000 1
27.885000 -80.350000 1
27.886667 -80.350000 1
27.888333 -80.350000 1
27.890000 -80.350000 1
27.891667 -80.350000 1
27.893333 -80.350000 1
27.895000 -80.350000 1
27.896667 -80.350000 1
27.898333 -80.350000 1
27.900000 -80.350000 1
27.901667 -80.350000 1
27.903333 -80.350000 1
27.905000 -80.350000 1
27.906667 -80.350000 1
27.908333 -80.350000 1
27.910000 -80.350000 1
27.911667 -80.350000 1
27.913333 -80.350000 1
27.915000 -80.350000 1
27.916667 -80.350000 1
27.918333 -80.350000 1
27.920000 -80.350000 1
27.921667 -80.350000 1
27.923333 -80.350000 1
27.925000 -80.350000 1
27.926667 -80.350000 1
27.928333 -80.350000 1
27.930000 -80.350000 1
27.931667 -80.350000 1
27.933333 -80.350000 1
27.935000 -80.350000 1
27.936667 -80.350000 1
27.938333 -80.350000 1
27.940000 -80.350000 1
27.941667 -80.350000 1
27.943333 -80.350000 1
27.945000 -80.350000 1
27.946667 -80.350000 1
27.948333 -80.350000 1
27.950000 -80.350000 1
27.951667 -80.350000 1
27.953333 -80.350000 1
27.955000 -80.350000 1
27.956667 -80.350000 1
27.958333 -80.350000 1
27.960000 -80.350000 1
27.961667 -80.350000 1
27.963333 -80.350000 1
27.965000 -80.350000 1
27.966667 -80.350000 1
27.968333 -80.350000 1
27.970000 -80.350000 1
27.971667 -80.350000 1
27.973333 -80.350000 1
27.975000 -80.350000 1
27.976667 -80.350000 1
27.978333 -80.350000 1
27.980000 -80.350000 1
27.981667 -80.350000 1
27.983333 -80.350000 1
27.985000 -80.350000 1
27.986667 -80.350000 1
27.988333 -80.350000 1
27.990000 -80.350000 1
27.991667 -80.350000 1
27.993333 -80.350000 1
27.995000 -80.350000 1
27.996667 -80.350000 1
27.998333 -80.350000 1
28.000000 -80.350000 1
28.001667 -80.350000 1
28.003333 -80.350000 1
28.005000 -80.350000 1
28.006667 -80.350000 1
28.008333 -80.350000 1
28.010000 -80.350000 1
28.011667 -80.350000 1
28.013333 -80.350000 1
28.015000 -80.350000 1
28.016667 -80.350000 1
28.018333 -80.350000 1
28.020000 -80.350000 1
28.021667 -80.350000 1
28.023333 -80.350000 1
28.025000 -80.350000 1
28.026667 -80.350000 1
28.028333 -80.350000 1
28.030000 -80.350000 1
28.031667 -80.350000 1
28.033333 -80.350000 1
28.035000 -80.350000 1
28.036667 -80.350000 1
28.038333 -80.350000 1
28.040000 -80.350000 1
28.041667 -80.350000 1
28.043333 -80.350000 1
28.045000 -80.350000 1
28.046667 -80.350000 1
28.048333 -80.350000 1
28.050000 -80.350000 1
28.051667 -80.350000 1
28.053333 -80.350000 1
28.055000 -80.350000 1
28.056667 -80.350000 1
28.058333 -80.350000 1
28.060000 -80.350000 1
28.061667 -80.350000 1
28.063333 -80.350000 1
28.065000 -80.350000 1
28.066667 -80.350000 1
28.068333 -80.350000 1
28.070000 -80.350000 1
28.071667 -80.350000 1
28.073333 -80.350000 1
28.075000 -80.350000 1
28.076667 -80.350000 1
28.078333 -80.350000 1
28.080000 -80.350000 1
28.081667 -80.350000 1
28.083333 -80.350000 1
28.085000 -80.350000 1
28.086667 -80.350000 1
28.088333 -80.350000 1
28.090000 -80.350000 1
28.091667 -80.350000 1
28.093333 -80.350000 1
28.095000 -80.350000 1
28.096667 -80.350000 1
28.098333 -80.350000 1
28.100000 -80.350000 1
28.101667 -80.350000 1
28.103333 -80.350000 1
28.105000 -80.350000 1
28.106667 -80.350000 1
28.108333 -80.350000 1
28.110000 -80.350000 1
28.111667 -80.350000 1
28.113333 -80.350000 1
28.115000 -80.350000 1
28.116667 -80.350000 1
28.118333 -80.350000 1
28.120000 -80.350000 1
28.121667 -80.350000 1
28.123333 -80.350000 1
28.125000 -80.350000 1
28.126667 -80.350000 1
28.128333 -80.350000 1
28.130000 -80.350000 1
28.131667 -80.350000 1
28.133333 -80.350000 1
28.135000 -80.350000 1
28.136667 -80.350000 1
28.138333 -80.350000 1
28.140000 -80.350000 1
28.141667 -80.350000 1
28.143333 -80.350000 1
28.145000 -80.350000 1
28.146667 -80.350000 1
28.148333 -80.350000 1
28.150000 -80.350000 1
28.151667 -80.350000 1
28.153333 -80.350000 1
28.155000 -80.350000 1
28.156667 -80.350000 1
28.158333 -80.350000 1
28.160000 -80.350000 1
28.161667 -80.350000 1
28.163333 -80.350000 1
28.165000 -80.350000 1
28.166667 -80.350000 1
28.168333 -80.350000 1
28.170000 -80.350000 1
28.171667 -80.350000 1
28.173333 -80.350000 1
28.175000 -80.350000 1
28.176667 -80.350000 1
28.178333 -80.350000 1
28.180000 -80.350000 1
28.181667 -80.350000 1
28.183333 -80.350000 1
28.185000 -80.350000 1
28.186667 -80.350000 1
28.188333 -80.350000 1
28.190000 -80.350000 1
28.191667 -80.350000 1
28.193333 -80.350000 1
28.195000 -80.350000 1
28.196667 -80.350000 1
28.198333 -80.350000 1
28.200000 -80.350000 1
28.201667 -80.350000 1
28.203333 -80.350000 1
28.205000 -80.350000 1
28.206667 -80.350000 1
28.208333 -80.350000 1
28.210000 -80.350000 1
28.211667 -80.350000 1
28.213333 -80.350000 1
28.215000 -80.350000 1
28.216667 -80.350000 1
28.218333 -80.350000 1
28.220000 -80.350000 1
28.221667 -80.350000 1
28.223333 -80.350000 1
28.225000 -80.350000 1
28.226667 -80.350000 1
28.228333 -80.350000 1
28.230000 -80.350000 1
28.231667 -80.350000 1
28.233333 -80.350000 1
28.235000 -80.350000 1
28.236667 -80.350000 1
28.238333 -80.350000 1
28.240000 -80.350000 1
28.241667 -80.350000 1
28.243333 -80.350000 1
28.245000 -80.350000 1
28.246667 -80.350000 1
28.248333 -80.350000 1
28.250000 -80.350000 1
28.251667 -80.350000 1
28.253333 -80.350000 1
28.255000 -80.350000 1
28.256667 -80.350000 1
28.258333 -80.350000 1
28.260000 -80.350000 1
28.261667 -80.350000 1
28.263333 -80.350000 1
28.265000 -80.350000 1
28.266667 -80.350000 1
28.268333 -80.350000 1
28.270000 -80.350000 1
28.271667 -80.350000 1
28.273333 -80.350000 1
28.275000 -80.350000 1
28.276667 -80.350000 1
28.278333 -80.350000 1
28.280000 -80.350000 1
28.281667 -80.350000 1
28.283333 -80.350000 1
28.285000 -80.350000 1
28.286667 -80.350000 1
28.288333 -80.350000 1
28.290000 -80.350000 1
28.291667 -80.350000 1
28.293333 -80.350000 1
28.295000 -80.350000 1
28.296667 -80.350000 1
28.298333 -80.350000 1
28.300000 -80.350000 1
28.301667 -80.350000 1
28.303333 -80.350000 1
28.305000 -80.350000 1
28.306667 -80.350000 1
28.308333 -80.350000 1
28.310000 -80.350000 1
28.311667 -80.350000 1
28.313333 -80.350000 1
28.315000 -80.350000 1
28.316667 -80.350000 1
28.318333 -80.350000 1
28.320000 -80.350000 1
28.321667 -80.350000 1
28.323333 -80.350000 1
28.325000 -80.350000 1
28.326667 -80.350000 1
28.328333 -80.350000 1
28.330000 -80.350000 1
28.331667 -80.350000 1
28.333333 -80.350000 1
28.335000 -80.350000 1
28.336667 -80.350000 1
28.338333 -80.350000 1
28.340000 -80.350000 1
28.341667 -80.350000 1
28.343333 -80.350000 1
28.345000 -80.350000 1
28.346667 -80.350000 1
28.348333 -80.350000 1
28.350000 -80.350000 1
28.351667 -80.350000 1
28.353333 -80.350000 1
28.355000 -80.350000 1
28.356667 -80.350000 1
28.358333 -80.350000 1
28.360000 -80.350000 1
28.361667 -80.350000 1
28.363333 -80.350000 1
28.365000 -80.350000 1
28.366667 -80.350000 1
28.368333 -80.350000 1
28.370000 -80.350000 1
28.371667 -80.350000 1
28.373333 -80.350000 1
28.375000 -80.350000 1
28.376667 -80.350000 1
28.378333 -80.350000 1
28.380000 -80.350000 1
28.381667 -80.350000 1
28.383333 -80.350000 1
28.385000 -80.350000 1
28.386667 -80.350000 1
28.388333 -80.350000 1
28.390000 -80.350000 1
28.391667 -80.350000 1
28.393333 -80.350000 1
28.395000 -80.350000 1
28.396667 -80.350000 1
28.398333 -80.350000 1
28.400000 -80.350000 1
28.401667 -80.350000 1
28.403333 -80.350000 1
28.405000 -80.350000 1
28.406667 -80.350000 1
28.408333 -80.350000 1
28.410000 -80.350000 1
28.411667 -80.350000 1
28.413333 -80.350000 1
28.415000 -80.350000 1
28.416667 -80.350000 1
28.418333 -80.350000 1
28.420000 -80.350000 1
28.421667 -80.350000 1
28.423333 -80.350000 1
28.425000 -80.350000 1
28.426667 -80.350000 1
28.428333 -80.350000 1
28.430000 -80.350000 1
28.431667 -80.350000 1
28.433333 -80.350000 1
28.435000 -80.350000 1
28.436667 -80.350000 1
28.438333 -80.350000 1
28.440000 -80.350000 1
28.441667 -80.350000 1
28.443333 -80.350000 1
28.445000 -80.350000 1
28.446667 -80.350000 1
28.448333 -80.350000 1
28.450000 -80.350000 1
28.451667 -80.350000 1
28.453333 -80.350000 1
28.455000 -80.350000 1
28.456667 -80.350000 1
28.458333 -80.350000 1
28.460000 -80.350000 1
28.461667 -80.350000 1
28.463333 -80.350000 1
28.465000 -80.350000 1
28.466667 -80.350000 1
28.468333 -80.350000 1
28.470000 -80.350000 1
28.471667 -80.350000 1
28.473333 -80.350000 1
28.475000 -80.350000 1
28.476667 -80.350000 1
28.478333 -80.350000 1
28.480000 -80.350000 1
28.481667 -80.350000 1
28.483333 -80.350000 1
28.485000 -80.350000 1
28.486667 -80.350000 1
28.488333 -80.350000 1
28.490000 -80.350000 1
28.491667 -80.350000 1
28.493333 -80.350000 1
28.495000 -80.350000 1
28.496667 -80.350000 1
28.498333 -80.350000 1
28.500000 -80.350000 1
28.501667 -80.350000 1
28.503333 -80.350000 1
28.505000 -80.350000 1
28.506667 -80.350000 1
28.508333 -80.350000 1
28.510000 -80.350000 1
28.511667 -80.350000 1
28.513333 -80.350000 1
28.515000 -80.350000 1
28.516667 -80.350000 1
28.518333 -80.350000 1
28.520000 -80.350000 1
28.521667 -80.350000 1
28.523333 -80.350000 1
28.525000 -80.350000 1
28.526667 -80.350000 1
28.528333 -80.350000 1
28.530000 -80.350000 1
28.531667 -80.350000 1
28.533333 -80.350000 1
28.535000 -80.350000 1
28.536667 -80.350000 1
28.538333 -80.350000 1
28.540000 -80.350000 1
28.541667 -80.350000 1
28.543333 -80.350000 1
28.545000 -80.350000 1
28.546667 -80.350000 1
28.548333 -80.350000 1
28.550000 -80.350000 1
28.551667 -80.350000 1
28.553333 -80.350000 1
28.555000 -80.350000 1
28.556667 -80.350000 1
28.558333 -80.350000 1
28.560000 -80.350000 1
28.561667 -80.350000 1
28.563333 -80.350000 1
28.565000 -80.350000 1
28.566667 -80.350000 1
28.568333 -80.350000 1
28.570000 -80.350000 1
28.571667 -80.350000 1
28.573333 -80.350000 1
28.575000 -80.350000 1
28.576667 -80.350000 1
28.578333 -80.350000 1
28.580000 -80.350000 1
28.581667 -80.350000 1
28.583333 -80.350000 1
28.585000 -80.350000 1
28.586667 -80.350000 1
28.588333 -80.350000 1
28.590000 -80.350000 1
28.591667 -80.350000 1
28.593333 -80.350000 1
28.595000 -80.350000 1
28.596667 -80.350000 1
28.598333 -80.350000 1
28.600000 -80.350000 1
28.601667 -80.350000 1
28.603333 -80.350000 1
28.605000 -80.350000 1
28.606667 -80.350000 1
28.608333 -80.350000 1
28.610000 -80.350000 1
28.611667 -80.350000 1
28.613333 -80.350000 1
28.615000 -80.350000 1
28.616667 -80.350000 1
28.618333 -80.350000 1
28.620000 -80.350000 1
28.621667 -80.350000 1
28.623333 -80.350000 1
28.625000 -80.350000 1
28.626667 -80.350000 1
28.628333 -80.350000 1
28.630000 -80.350000 1
28.631667 -80.350000 1
28.633333 -80.350000 1
28.635000 -80.350000 1
28.636667 -80.350000 1
28.638333 -80.350000 1
28.640000 -80.350000 1
28.641667 -80.350000 1
28.643333 -80.350000 1
28.645000 -80.350000 1
28.646667 -80.350000 1
28.648333 -80.350000 1
28.650000 -80.350000 1
28.651667 -80.350000 1
28.653333 -80.350000 1
28.655000 -80.350000 1
28.656667 -80.350000 1
28.658333 -80.350000 1
28.660000 -80.350000 1
28.661667 -80.350000 1
28.663333 -80.350000 1
28.665000 -80.350000 1
28.666667 -80.350000 1
28.668333 -80.350000 1
28.670000 -80.350000 1
28.671667 -80.350000 1
28.673333 -80.350000 1
28.675000 -80.350000 1
28.676667 -80.350000 1
28.678333 -80.350000 1
28.680000 -80.350000 1
28.681667 -80.350000 1
28.683333 -80.350000 1
28.685000 -80.350000 1
28.686667 -80.350000 1
28.688333 -80.350000 1
28.690000 -80.350000 1
28.691667 -80.350000 1
28.693333 -80.350000 1
28.695000 -80.350000 1
28.696667 -80.350000 1
28.698333 -80.350000 1
28.700000 -80.350000 1
28.701667 -80.350000 1
28.703333 -80.350000 1
28.705000 -80.350000 1
28.706667 -80.350000 1
28.708333 -80.350000 1
28.710000 -80.350000 1
28.711667 -80.350000 1
28.713333 -80.350000 1
28.715000 -80.350000 1
28.716667 -80.350000 1
28.718333 -80.350000 1
28.720000 -80.350000 1
28.721667 -80.350000 1
28.723333 -80.350000 1
28.725000 -80.350000 1
28.726667 -80.350000 1
28.728333 -80.350000 1
28.730000 -80.350000 1
28.731667 -80.350000 1
28.733333 -80.350000 1
28.735000 -80.350000 1
28.736667 -80.350000 1
28.738333 -80.350000 1
28.740000 -80.350000 1
28.741667 -80.350000 1
28.743333 -80.350000 1
28.745000 -80.350000 1
28.746667 -80.350000 1
28.748333 -80.350000 1
28.750000 -80.350000 1
28.751667 -80.350000 1
28.753333 -80.350000 1
28.755000 -80.350000 1
28.756667 -80.350000 1
28.758333 -80.350000 1
28.760000 -80.350000 1
28.761667 -80.350000 1
28.763333 -80.350000 1
28.765000 -80.350000 1
28.766667 -80.350000 1
28.768333 -80.350000 1
28.770000 -80.350000 1
28.771667 -80.350000 1
28.773333 -80.350000 1
28.775000 -80.350000 1
28.776667 -80.350000 1
28.778333 -80.350000 1
28.780000 -80.350000 1
28.781667 -80.350000 1
28.783333 -80.350000 1
28.785000 -80.350000 1
28.786667 -80.350000 1
28.788333 -80.350000 1
28.790000 -80.350000 1
28.791667 -80.350000 1
28.793333 -80.350000 1
28.795000 -80.350000 1
28.796667 -80.350000 1
28.798333 -80.350000 1
28.800000 -80.350000 1
28.801667 -80.350000 1
28.803333 -80.350000 1
28.805000 -80.350000 1
28.806667 -80.350000 1
28.808333 -80.350000 1
28.810000 -80.350000 1
28.811667 -80.350000 1
28.813333 -80.350000 1
28.815000 -80.350000 1
28.816667 -80.350000 1
28.818333 -80.350000 1
28.820000 -80.350000 1
28.821667 -80.350000 1
28.823333 -80.350000 1
28.825000 -80.350000 1
28.826667 -80.350000 1
28.828333 -80.350000 1
28.830000 -80.350000 1
28.831667 -80.350000 1
28.833333 -80.350000 1
28.835000 -80.350000 1
28.836667 -80.350000 1
28.838333 -80.350000 1
28.840000 -80.350000 1
28.841667 -80.350000 1
28.843333 -80.350000 1
28.845000 -80.350000 1
28.846667 -80.350000 1
28.848333 -80.350000 1
28.850000 -80.350000 1
28.851667 -80.350000 1
28.853333 -80.350000 1
28.855000 -80.350000 1
28.856667 -80.350000 1
28.858333 -80.350000 1
28.860000 -80.350000 1
28.861667 -80.350000 1
28.863333 -80.350000 1
28.865000 -80.350000 1
28.866667 -80.350000 1
28.868333 -80.350000 1
28.870000 -80.350000 1
28.871667 -80.350000 1
28.873333 -80.350000 1
28.875000 -80.350000 1
28.876667 -80.350000 1
28.878333 -80.350000 1
28.880000 -80.350000 1
28.881667 -80.350000 1
28.883333 -80.350000 1
28.885000 -80.350000 1
28.886667 -80.350000 1
28.888333 -80.350000 1
28.890000 -80.350000 1
28.891667 -80.350000 1
28.893333 -80.350000 1
28.895000 -80.350000 1
28.896667 -80.350000 1
28.898333 -80.350000 1
28.900000 -80.350000 1
28.901667 -80.350000 1
28.903333 -80.350000 1
28.905000 -80.350000 1
28.906667 -80.350000 1
28.908333 -80.350000 1
28.910000 -80.350000 1
28.911667 -80.350000 1
28.913333 -80.350000 1
28.915000 -80.350000 1
28.916667 -80.350000 1
28.918333 -80.350000 1
28.920000 -80.350000 1
28.921667 -80.350000 1
28.923333 -80.350000 1
28.925000 -80.350000 1
28.926667 -80.350000 1
28.928333 -80.350000 1
28.930000 -80.350000 1
28.931667 -80.350000 1
28.933333 -80.350000 1
28.935000 -80.350000 1
28.936667 -80.350000 1
28.938333 -80.350000 1
28.940000 -80.350000 1
28.941667 -80.350000 1
28.943333 -80.350000 1
28.945000 -80.350000 1
28.946667 -80.350000 1
28.948333 -80.350000 1
28.950000 -80.350000 1
28.951667 -80.350000 1
28.953333 -80.350000 1
28.955000 -80.350000 1
28.956667 -80.350000 1
28.958333 -80.350000 1
28.960000 -80.350000 1
28.961667 -80.350000 1
28.963333 -80.350000 1
28.965000 -80.350000 1
28.966667 -80.350000 1
28.968333 -80.350000 1
28.970000 -80.350000 1
28.971667 -80.350000 1
28.973333 -80.350000 1
28.975000 -80.350000 1
28.976667 -80.350000 1
28.978333 -80.350000 1
28.980000 -80.350000 1
28.981667 -80.350000 1
28.983333 -80.350000 1
28.985000 -80.350000 1
28.986667 -80.350000 1
28.988333 -80.350000 1
28.990000 -80.350000 1
28.991667 -80.350000 1
28.993333 -80.350000 1
28.995000 -80.350000 1
28.996667 -80.350000 1
28.998333 -80.350000 1
29.000000 -80.350000 1
27.750000 -80.900000 2
27.751667 -80.900000 2
27.753333 -80.900000 2
27.755000 -80.900000 2
27.756667 -80.900000 2
27.758333 -80.900000 2
27.760000 -80.900000 2
27.761667 -80.900000 2
27.763333 -80.900000 2
27.765000 -80.900000 2
27.766667 -80.900000 2
27.768333 -80.900000 2
27.770000 -80.900000 2
27.771667 -80.900000 2
27.773333 -80.900000 2
27.775000 -80.900000 2
27.776667 -80.900000 2
27.778333 -80.900000 2
27.780000 -80.900000 2
27.781667 -80.900000 2
27.783333 -80.900000 2
27.785000 -80.900000 2
27.786667 -80.900000 2
27.788333 -80.900000 2
27.790000 -80.900000 2
27.791667 -80.900000 2
27.793333 -80.900000 2
27.795000 -80.900000 2
27.796667 -80.900000 2
27.798333 -80.900000 2
27.800000 -80.900000 2
27.801667 -80.900000 2
27.803333 -80.900000 2
27.805000 -80.900000 2
27.806667 -80.900000 2
27.808333 -80.900000 2
27.810000 -80.900000 2
27.811667 -80.900000 2
27.813333 -80.900000 2
27.815000 -80.900000 2
27.816667 -80.900000 2
27.818333 -80.900000 2
27.820000 -80.900000 2
27.821667 -80.900000 2
27.823333 -80.900000 2
27.825000 -80.900000 2
27.826667 -80.900000 2
27.828333 -80.900000 2
27.830000 -80.900000 2
27.831667 -80.900000 2
27.833333 -80.900000 2
27.835000 -80.900000 2
27.836667 -80.900000 2
27.838333 -80.900000 2
27.840000 -80.900000 2
27.841667 -80.900000 2
27.843333 -80.900000 2
27.845000 -80.900000 2
27.846667 -80.900000 2
27.848333 -80.900000 2
27.850000 -80.900000 2
27.851667 -80.900000 2
27.853333 -80.900000 2
27.855000 -80.900000 2
27.856667 -80.900000 2
27.858333 -80.900000 2
27.860000 -80.900000 2
27.861667 -80.900000 2
27.863333 -80.900000 2
27.865000 -80.900000 2
27.866667 -80.900000 2
27.868333 -80.900000 2
27.870000 -80.900000 2
27.871667 -80.900000 2
27.873333 -80.900000 2
27.875000 -80.900000 2
27.876667 -80.900000 2
27.878333 -80.900000 2
27.880000 -80.900000 2
27.881667 -80.900000 2
27.883333 -80.900000 2
27.885000 -80.900000 2
27.886667 -80.900000 2
27.888333 -80.900000 2
27.890000 -80.900000 2
27.891667 -80.900000 2
27.893333 -80.900000 2
27.895000 -80.900000 2
27.896667 -80.900000 2
27.898333 -80.900000 2
27.900000 -80.900000 2
27.901667 -80.900000 2
27.903333 -80.900000 2
27.905000 -80.900000 2
27.906667 -80.900000 2
27.908333 -80.900000 2
27.910000 -80.900000 2
27.911667 -80.900000 2
27.913333 -80.900000 2
27.915000 -80.900000 2
27.916667 -80.900000 2
27.918333 -80.900000 2
27.920000 -80.900000 2
27.921667 -80.900000 2
27.923333 -80.900000 2
27.925000 -80.900000 2
27.926667 -80.900000 2
27.928333 -80.900000 2
27.930000 -80.900000 2
27.931667 -80.900000 2
27.933333 -80.900000 2
27.935000 -80.900000 2
27.936667 -80.900000 2
27.938333 -80.900000 2
27.940000 -80.900000 2
27.941667 -80.900000 2
27.943333 -80.900000 2
27.945000 -80.900000 2
27.946667 -80.900000 2
27.948333 -80.900000 2
27.950000 -80.900000 2
27.951667 -80.900000 2
27.953333 -80.900000 2
27.955000 -80.900000 2
27.956667 -80.900000 2
27.958333 -80.900000 2
27.960000 -80.900000 2
27.961667 -80.900000 2
27.963333 -80.900000 2
27.965000 -80.900000 2
27.966667 -80.900000 2
27.968333 -80.900000 2
27.970000 -80.900000 2
27.971667 -80.900000 2
27.973333 -80.900000 2
27.975000 -80.900000 2
27.976667 -80.900000 2
27.978333 -80.900000 2
27.980000 -80.900000 2
27.981667 -80.900000 2
27.983333 -80.900000 2
27.985000 -80.900000 2
27.986667 -80.900000 2
27.988333 -80.900000 2
27.990000 -80.900000 2
27.991667 -80.900000 2
27.993333 -80.900000 2
27.995000 -80.900000 2
27.996667 -80.900000 2
27.998333 -80.900000 2
28.000000 -80.900000 2
28.001667 -80.900000 2
28.003333 -80.900000 2
28.005000 -80.900000 2
28.006667 -80.900000 2
28.008333 -80.900000 2
28.010000 -80.900000 2
28.011667 -80.900000 2
28.013333 -80.900000 2
28.015000 -80.900000 2
28.016667 -80.900000 2
28.018333 -80.900000 2
28.020000 -80.900000 2
28.021667 -80.900000 2
28.023333 -80.900000 2
28.025000 -80.900000 2
28.026667 -80.900000 2
28.028333 -80.900000 2
28.030000 -80.900000 2
28.031667 -80.900000 2
28.033333 -80.900000 2
28.035000 -80.900000 2
28.036667 -80.900000 2
28.038333 -80.900000 2
28.040000 -80.900000 2
28.041667 -80.900000 2
28.043333 -80.900000 2
28.045000 -80.900000 2
28.046667 -80.900000 2
28.048333 -80.900000 2
28.050000 -80.900000 2
28.051667 -80.900000 2
28.053333 -80.900000 2
28.055000 -80.900000 2
28.056667 -80.900000 2
28.058333 -80.900000 2
28.060000 -80.900000 2
28.061667 -80.900000 2
28.063333 -80.900000 2
28.065000 -80.900000 2
28.066667 -80.900000 2
28.068333 -80.900000 2
28.070000 -80.900000 2
28.071667 -80.900000 2
28.073333 -80.900000 2
28.075000 -80.900000 2
28.076667 -80.900000 2
28.078333 -80.900000 2
28.080000 -80.900000 2
28.081667 -80.900000 2
28.083333 -80.900000 2
28.085000 -80.900000 2
28.086667 -80.900000 2
28.088333 -80.900000 2
28.090000 -80.900000 2
28.091667 -80.900000 2
28.093333 -80.900000 2
28.095000 -80.900000 2
28.096667 -80.900000 2
28.098333 -80.900000 2
28.100000 -80.900000 2
28.101667 -80.900000 2
28.103333 -80.900000 2
28.105000 -80.900000 2
28.106667 -80.900000 2
28.108333 -80.900000 2
28.110000 -80.900000 2
28.111667 -80.900000 2
28.113333 -80.900000 2
28.115000 -80.900000 2
28.116667 -80.900000 2
28.118333 -80.900000 2
28.120000 -80.900000 2
28.121667 -80.900000 2
28.123333 -80.900000 2
28.125000 -80.900000 2
28.126667 -80.900000 2
28.128333 -80.900000 2
28.130000 -80.900000 2
28.131667 -80.900000 2
28.133333 -80.900000 2
28.135000 -80.900000 2
28.136667 -80.900000 2
28.138333 -80.900000 2
28.140000 -80.900000 2
28.141667 -80.900000 2
28.143333 -80.900000 2
28.145000 -80.900000 2
28.146667 -80.900000 2
28.148333 -80.900000 2
28.150000 -80.900000 2
28.151667 -80.900000 2
28.153333 -80.900000 2
28.155000 -80.900000 2
28.156667 -80.900000 2
28.158333 -80.900000 2
28.160000 -80.900000 2
28.161667 -80.900000 2
28.163333 -80.900000 2
28.165000 -80.900000 2
28.166667 -80.900000 2
28.168333 -80.900000 2
28.170000 -80.900000 2
28.171667 -80.900000 2
28.173333 -80.900000 2
28.175000 -80.900000 2
28.176667 -80.900000 2
28.178333 -80.900000 2
28.180000 -80.900000 2
28.181667 -80.900000 2
28.183333 -80.900000 2
28.185000 -80.900000 2
28.186667 -80.900000 2
28.188333 -80.900000 2
28.190000 -80.900000 2
28.191667 -80.900000 2
28.193333 -80.900000 2
28.195000 -80.900000 2
28.196667 -80.900000 2
28.198333 -80.900000 2
28.200000 -80.900000 2
28.201667 -80.900000 2
28.203333 -80.900000 2
28.205000 -80.900000 2
28.206667 -80.900000 2
28.208333 -80.900000 2
28.210000 -80.900000 2
28.211667 -80.900000 2
28.213333 -80.900000 2
28.215000 -80.900000 2
28.216667 -80.900000 2
28.218333 -80.900000 2
28.220000 -80.900000 2
28.221667 -80.900000 2
28.223333 -80.900000 2
28.225000 -80.900000 2
28.226667 -80.900000 2
28.228333 -80.900000 2
28.230000 -80.900000 2
28.231667 -80.900000 2
28.233333 -80.900000 2
28.235000 -80.900000 2
28.236667 -80.900000 2
28.238333 -80.900000 2
28.240000 -80.900000 2
28.241667 -80.900000 2
28.243333 -80.900000 2
28.245000 -80.900000 2
28.246667 -80.900000 2
28.248333 -80.900000 2
28.250000 -80.900000 2
28.251667 -80.900000 2
28.253333 -80.900000 2
28.255000 -80.900000 2
28.256667 -80.900000 2
28.258333 -80.900000 2
28.260000 -80.900000 2
28.261667 -80.900000 2
28.263333 -80.900000 2
28.265000 -80.900000 2
28.266667 -80.900000 2
28.268333 -80.900000 2
28.270000 -80.900000 2
28.271667 -80.900000 2
28.273333 -80.900000 2
28.275000 -80.900000 2
28.276667 -80.900000 2
28.278333 -80.900000 2
28.280000 -80.900000 2
28.281667 -80.900000 2
28.283333 -80.900000 2
28.285000 -80.900000 2
28.286667 -80.900000 2
28.288333 -80.900000 2
28.290000 -80.900000 2
28.291667 -80.900000 2
28.293333 -80.900000 2
28.295000 -80.900000 2
28.296667 -80.900000 2
28.298333 -80.900000 2
28.300000 -80.900000 2
28.301667 -80.900000 2
28.303333 -80.900000 2
28.305000 -80.900000 2
28.306667 -80.900000 2
28.308333 -80.900000 2
28.310000 -80.900000 2
28.311667 -80.900000 2
28.313333 -80.900000 2
28.315000 -80.900000 2
28.316667 -80.900000 2
28.318333 -80.900000 2
28.320000 -80.900000 2
28.321667 -80.900000 2
28.323333 -80.900000 2
28.325000 -80.900000 2
28.326667 -80.900000 2
28.328333 -80.900000 2
28.330000 -80.900000 2
28.331667 -80.900000 2
28.333333 -80.900000 2
28.335000 -80.900000 2
28.336667 -80.900000 2
28.338333 -80.900000 2
28.340000 -80.900000 2
28.341667 -80.900000 2
28.343333 -80.900000 2
28.345000 -80.900000 2
28.346667 -80.900000 2
28.348333 -80.900000 2
28.350000 -80.900000 2
28.351667 -80.900000 2
28.353333 -80.900000 2
28.355000 -80.900000 2
28.356667 -80.900000 2
28.358333 -80.900000 2
28.360000 -80.900000 2
28.361667 -80.900000 2
28.363333 -80.900000 2
28.365000 -80.900000 2
28.366667 -80.900000 2
28.368333 -80.900000 2
28.370000 -80.900000 2
28.371667 -80.900000 2
28.373333 -80.900000 2
28.375000 -80.900000 2
28.376667 -80.900000 2
28.378333 -80.900000 2
28.380000 -80.900000 2
28.381667 -80.900000 2
28.383333 -80.900000 2
28.385000 -80.900000 2
28.386667 -80.900000 2
28.388333 -80.900000 2
28.390000 -80.900000 2
28.391667 -80.900000 2
28.393333 -80.900000 2
28.395000 -80.900000 2
28.396667 -80.900000 2
28.398333 -80.900000 2
28.400000 -80.900000 2
28.401667 -80.900000 2
28.403333 -80.900000 2
28.405000 -80.900000 2
28.406667 -80.900000 2
28.408333 -80.900000 2
28.410000 -80.900000 2
28.411667 -80.900000 2
28.413333 -80.900000 2
28.415000 -80.900000 2
28.416667 -80.900000 2
28.418333 -80.900000 2
28.420000 -80.900000 2
28.421667 -80.900000 2
28.423333 -80.900000 2
28.425000 -80.900000 2
28.426667 -80.900000 2
28.428333 -80.900000 2
28.430000 -80.900000 2
28.431667 -80.900000 2
28.433333 -80.900000 2
28.435000 -80.900000 2
28.436667 -80.900000 2
28.438333 -80.900000 2
28.440000 -80.900000 2
28.441667 -80.900000 2
28.443333 -80.900000 2
28.445000 -80.900000 2
28.446667 -80.900000 2
28.448333 -80.900000 2
28.450000 -80.900000 2
28.451667 -80.900000 2
28.453333 -80.900000 2
28.455000 -80.900000 2
28.456667 -80.900000 2
28.458333 -80.900000 2
28.460000 -80.900000 2
28.461667 -80.900000 2
28.463333 -80.900000 2
28.465000 -80.900000 2
28.466667 -80.900000 2
28.468333 -80.900000 2
28.470000 -80.900000 2
28.471667 -80.900000 2
28.473333 -80.900000 2
28.475000 -80.900000 2
28.476667 -80.900000 2
28.478333 -80.900000 2
28.480000 -80.900000 2
28.481667 -80.900000 2
28.483333 -80.900000 2
28.485000 -80.900000 2
28.486667 -80.900000 2
28.488333 -80.900000 2
28.490000 -80.900000 2
28.491667 -80.900000 2
28.493333 -80.900000 2
28.495000 -80.900000 2
28.496667 -80.900000 2
28.498333 -80.900000 2
28.500000 -80.900000 2
28.501667 -80.900000 2
28.503333 -80.900000 2
28.505000 -80.900000 2
28.506667 -80.900000 2
28.508333 -80.900000 2
28.510000 -80.900000 2
28.511667 -80.900000 2
28.513333 -80.900000 2
28.515000 -80.900000 2
28.516667 -80.900000 2
28.518333 -80.900000 2
28.520000 -80.900000 2
28.521667 -80.900000 2
28.523333 -80.900000 2
28.525000 -80.900000 2
28.526667 -80.900000 2
28.528333 -80.900000 2
28.530000 -80.900000 2
28.531667 -80.900000 2
28.533333 -80.900000 2
28.535000 -80.900000 2
28.536667 -80.900000 2
28.538333 -80.900000 2
28.540000 -80.900000 2
28.541667 -80.900000 2
28.543333 -80.900000 2
28.545000 -80.900000 2
28.546667 -80.900000 2
28.548333 -80.900000 2
28.550000 -80.900000 2
28.551667 -80.900000 2
28.553333 -80.900000 2
28.555000 -80.900000 2
28.556667 -80.900000 2
28.558333 -80.900000 2
28.560000 -80.900000 2
28.561667 -80.900000 2
28.563333 -80.900000 2
28.565000 -80.900000 2
28.566667 -80.900000 2
28.568333 -80.900000 2
28.570000 -80.900000 2
28.571667 -80.900000 2
28.573333 -80.900000 2
28.575000 -80.900000 2
28.576667 -80.900000 2
28.578333 -80.900000 2
28.580000 -80.900000 2
28.581667 -80.900000 2
28.583333 -80.900000 2
28.585000 -80.900000 2
28.586667 -80.900000 2
28.588333 -80.900000 2
28.590000 -80.900000 2
28.591667 -80.900000 2
28.593333 -80.900000 2
28.595000 -80.900000 2
28.596667 -80.900000 2
28.598333 -80.900000 2
28.600000 -80.900000 2
28.601667 -80.900000 2
28.603333 -80.900000 2
28.605000 -80.900000 2
28.606667 -80.900000 2
28.608333 -80.900000 2
28.610000 -80.900000 2
28.611667 -80.900000 2
28.613333 -80.900000 2
28.615000 -80.900000 2
28.616667 -80.900000 2
28.618333 -80.900000 2
28.620000 -80.900000 2
28.621667 -80.900000 2
28.623333 -80.900000 2
28.625000 -80.900000 2
28.626667 -80.900000 2
28.628333 -80.900000 2
28.630000 -80.900000 2
28.631667 -80.900000 2
28.633333 -80.900000 2
28.635000 -80.900000 2
28.636667 -80.900000 2
28.638333 -80.900000 2
28.640000 -80.900000 2
28.641667 -80.900000 2
28.643333 -80.900000 2
28.645000 -80.900000 2
28.646667 -80.900000 2
28.648333 -80.900000 2
28.650000 -80.900000 2
28.651667 -80.900000 2
28.653333 -80.900000 2
28.655000 -80.900000 2
28.656667 -80.900000 2
28.658333 -80.900000 2
28.660000 -80.900000 2
28.661667 -80.900000 2
28.663333 -80.900000 2
28.665000 -80.900000 2
28.666667 -80.900000 2
28.668333 -80.900000 2
28.670000 -80.900000 2
28.671667 -80.900000 2
28.673333 -80.900000 2
28.675000 -80.900000 2
28.676667 -80.900000 2
28.678333 -80.900000 2
28.680000 -80.900000 2
28.681667 -80.900000 2
28.683333 -80.900000 2
28.685000 -80.900000 2
28.686667 -80.900000 2
28.688333 -80.900000 2
28.690000 -80.900000 2
28.691667 -80.900000 2
28.693333 -80.900000 2
28.695000 -80.900000 2
28.696667 -80.900000 2
28.698333 -80.900000 2
28.700000 -80.900000 2
28.701667 -80.900000 2
28.703333 -80.900000 2
28.705000 -80.900000 2
28.706667 -80.900000 2
28.708333 -80.900000 2
28.710000 -80.900000 2
28.711667 -80.900000 2
28.713333 -80.900000 2
28.715000 -80.900000 2
28.716667 -80.900000 2
28.718333 -80.900000 2
28.720000 -80.900000 2
28.721667 -80.900000 2
28.723333 -80.900000 2
28.725000 -80.900000 2
28.726667 -80.900000 2
28.728333 -80.900000 2
28.730000 -80.900000 2
28.731667 -80.900000 2
28.733333 -80.900000 2
28.735000 -80.900000 2
28.736667 -80.900000 2
28.738333 -80.900000 2
28.740000 -80.900000 2
28.741667 -80.900000 2
28.743333 -80.900000 2
28.745000 -80.900000 2
28.746667 -80.900000 2
28.748333 -80.900000 2
28.750000 -80.900000 2
28.751667 -80.900000 2
28.753333 -80.900000 2
28.755000 -80.900000 2
28.756667 -80.900000 2
28.758333 -80.900000 2
28.760000 -80.900000 2
28.761667 -80.900000 2
28.763333 -80.900000 2
28.765000 -80.900000 2
28.766667 -80.900000 2
28.768333 -80.900000 2
28.770000 -80.900000 2
28.771667 -80.900000 2
28.773333 -80.900000 2
28.775000 -80.900000 2
28.776667 -80.900000 2
28.778333 -80.900000 2
28.780000 -80.900000 2
28.781667 -80.900000 2
28.783333 -80.900000 2
28.785000 -80.900000 2
28.786667 -80.900000 2
28.788333 -80.900000 2
28.790000 -80.900000 2
28.791667 -80.900000 2
28.793333 -80.900000 2
28.795000 -80.900000 2
28.796667 -80.900000 2
28.798333 -80.900000 2
28.800000 -80.900000 2
28.801667 -80.900000 2
28.803333 -80.900000 2
28.805000 -80.900000 2
28.806667 -80.900000 2
28.808333 -80.900000 2
28.810000 -80.900000 2
28.811667 -80.900000 2
28.813333 -80.900000 2
28.815000 -80.900000 2
28.816667 -80.900000 2
28.818333 -80.900000 2
28.820000 -80.900000 2
28.821667 -80.900000 2
28.823333 -80.900000 2
28.825000 -80.900000 2
28.826667 -80.900000 2
28.828333 -80.900000 2
28.830000 -80.900000 2
28.831667 -80.900000 2
28.833333 -80.900000 2
28.835000 -80.900000 2
28.836667 -80.900000 2
28.838333 -80.900000 2
28.840000 -80.900000 2
28.841667 -80.900000 2
28.843333 -80.900000 2
28.845000 -80.900000 2
28.846667 -80.900000 2
28.848333 -80.900000 2
28.850000 -80.900000 2
28.851667 -80.900000 2
28.853333 -80.900000 2
28.855000 -80.900000 2
28.856667 -80.900000 2
28.858333 -80.900000 2
28.860000 -80.900000 2
28.861667 -80.900000 2
28.863333 -80.900000 2
28.865000 -80.900000 2
28.866667 -80.900000 2
28.868333 -80.900000 2
28.870000 -80.900000 2
28.871667 -80.900000 2
28.873333 -80.900000 2
28.875000 -80.900000 2
28.876667 -80.900000 2
28.878333 -80.900000 2
28.880000 -80.900000 2
28.881667 -80.900000 2
28.883333 -80.900000 2
28.885000 -80.900000 2
28.886667 -80.900000 2
28.888333 -80.900000 2
28.890000 -80.900000 2
28.891667 -80.900000 2
28.893333 -80.900000 2
28.895000 -80.900000 2
28.896667 -80.900000 2
28.898333 -80.900000 2
28.900000 -80.900000 2
28.901667 -80.900000 2
28.903333 -80.900000 2
28.905000 -80.900000 2
28.906667 -80.900000 2
28.908333 -80.900000 2
28.910000 -80.900000 2
28.911667 -80.900000 2
28.913333 -80.900000 2
28.915000 -80.900000 2
28.916667 -80.900000 2
28.918333 -80.900000 2
28.920000 -80.900000 2
28.921667 -80.900000 2
28.923333 -80.900000 2
28.925000 -80.900000 2
28.926667 -80.900000 2
28.928333 -80.900000 2
28.930000 -80.900000 2
28.931667 -80.900000 2
28.933333 -80.900000 2
28.935000 -80.900000 2
28.936667 -80.900000 2
28.938333 -80.900000 2
28.940000 -80.900000 2
28.941667 -80.900000 2
28.943333 -80.900000 2
28.945000 -80.900000 2
28.946667 -80.900000 2
28.948333 -80.900000 2
28.950000 -80.900000 2
28.951667 -80.900000 2
28.953333 -80.900000 2
28.955000 -80.900000 2
28.956667 -80.900000 2
28.958333 -80.900000 2
28.960000 -80.900000 2
28.961667 -80.900000 2
28.963333 -80.900000 2
28.965000 -80.900000 2
28.966667 -80.900000 2
28.968333 -80.900000 2
28.970000 -80.900000 2
28.971667 -80.900000 2
28.973333 -80.900000 2
28.975000 -80.900000 2
28.976667 -80.900000 2
28.978333 -80.900000 2
28.980000 -80.900000 2
28.981667 -80.900000 2
28.983333 -80.900000 2
28.985000 -80.900000 2
28.986667 -80.900000 2
28.988333 -80.900000 2
28.990000 -80.900000 2
28.991667 -80.900000 2
28.993333 -80.900000 2
28.995000 -80.900000 2
28.996667 -80.900000 2
28.998333 -80.900000 2
29.000000 -80.900000 2
27.750000 -80.900000 3
27.750000 -80.898333 3
27.750000 -80.896667 3
27.750000 -80.895000 3
27.750000 -80.893333 3
27.750000 -80.891667 3
27.750000 -80.890000 3
27.750000 -80.888333 3
27.750000 -80.886667 3
27.750000 -80.885000 3
27.750000 -80.883333 3
27.750000 -80.881667 3
27.750000 -80.880000 3
27.750000 -80.878333 3
27.750000 -80.876667 3
27.750000 -80.875000 3
27.750000 -80.873333 3
27.750000 -80.871667 3
27.750000 -80.870000 3
27.750000 -80.868333 3
27.750000 -80.866667 3
27.750000 -80.865000 3
27.750000 -80.863333 3
27.750000 -80.861667 3
27.750000 -80.860000 3
27.750000 -80.858333 3
27.750000 -80.856667 3
27.750000 -80.855000 3
27.750000 -80.853333 3
27.750000 -80.851667 3
27.750000 -80.850000 3
27.750000 -80.848333 3
27.750000 -80.846667 3
27.750000 -80.845000 3
27.750000 -80.843333 3
27.750000 -80.841667 3
27.750000 -80.840000 3
27.750000 -80.838333 3
27.750000 -80.836667 3
27.750000 -80.835000 3
27.750000 -80.833333 3
27.750000 -80.831667 3
27.750000 -80.830000 3
27.750000 -80.828333 3
27.750000 -80.826667 3
27.750000 -80.825000 3
27.750000 -80.823333 3
27.750000 -80.821667 3
27.750000 -80.820000 3
27.750000 -80.818333 3
27.750000 -80.816667 3
27.750000 -80.815000 3
27.750000 -80.813333 3
27.750000 -80.811667 3
27.750000 -80.810000 3
27.750000 -80.808333 3
27.750000 -80.806667 3
27.750000 -80.805000 3
27.750000 -80.803333 3
27.750000 -80.801667 3
27.750000 -80.800000 3
27.750000 -80.798333 3
27.750000 -80.796667 3
27.750000 -80.795000 3
27.750000 -80.793333 3
27.750000 -80.791667 3
27.750000 -80.790000 3
27.750000 -80.788333 3
27.750000 -80.786667 3
27.750000 -80.785000 3
27.750000 -80.783333 3
27.750000 -80.781667 3
27.750000 -80.780000 3
27.750000 -80.778333 3
27.750000 -80.776667 3
27.750000 -80.775000 3
27.750000 -80.773333 3
27.750000 -80.771667 3
27.750000 -80.770000 3
27.750000 -80.768333 3
27.750000 -80.766667 3
27.750000 -80.765000 3
27.750000 -80.763333 3
27.750000 -80.761667 3
27.750000 -80.760000 3
27.750000 -80.758333 3
27.750000 -80.756667 3
27.750000 -80.755000 3
27.750000 -80.753333 3
27.750000 -80.751667 3
27.750000 -80.750000 3
27.750000 -80.748333 3
27.750000 -80.746667 3
27.750000 -80.745000 3
27.750000 -80.743333 3
27.750000 -80.741667 3
27.750000 -80.740000 3
27.750000 -80.738333 3
27.750000 -80.736667 3
27.750000 -80.735000 3
27.750000 -80.733333 3
27.750000 -80.731667 3
27.750000 -80.730000 3
27.750000 -80.728333 3
27.750000 -80.726667 3
27.750000 -80.725000 3
27.750000 -80.723333 3
27.750000 -80.721667 3
27.750000 -80.720000 3
27.750000 -80.718333 3
27.750000 -80.716667 3
27.750000 -80.715000 3
27.750000 -80.713333 3
27.750000 -80.711667 3
27.750000 -80.710000 3
27.750000 -80.708333 3
27.750000 -80.706667 3
27.750000 -80.705000 3
27.750000 -80.703333 3
27.750000 -80.701667 3
27.750000 -80.700000 3
27.750000 -80.698333 3
27.750000 -80.696667 3
27.750000 -80.695000 3
27.750000 -80.693333 3
27.750000 -80.691667 3
27.750000 -80.690000 3
27.750000 -80.688333 3
27.750000 -80.686667 3
27.750000 -80.685000 3
27.750000 -80.683333 3
27.750000 -80.681667 3
27.750000 -80.680000 3
27.750000 -80.678333 3
27.750000 -80.676667 3
27.750000 -80.675000 3
27.750000 -80.673333 3
27.750000 -80.671667 3
27.750000 -80.670000 3
27.750000 -80.668333 3
27.750000 -80.666667 3
27.750000 -80.665000 3
27.750000 -80.663333 3
27.750000 -80.661667 3
27.750000 -80.660000 3
27.750000 -80.658333 3
27.750000 -80.656667 3
27.750000 -80.655000 3
27.750000 -80.653333 3
27.750000 -80.651667 3
27.750000 -80.650000 3
27.750000 -80.648333 3
27.750000 -80.646667 3
27.750000 -80.645000 3
27.750000 -80.643333 3
27.750000 -80.641667 3
27.750000 -80.640000 3
27.750000 -80.638333 3
27.750000 -80.636667 3
27.750000 -80.635000 3
27.750000 -80.633333 3
27.750000 -80.631667 3
27.750000 -80.630000 3
27.750000 -80.628333 3
27.750000 -80.626667 3
27.750000 -80.625000 3
27.750000 -80.623333 3
27.750000 -80.621667 3
27.750000 -80.620000 3
27.750000 -80.618333 3
27.750000 -80.616667 3
27.750000 -80.615000 3
27.750000 -80.613333 3
27.750000 -80.611667 3
27.750000 -80.610000 3
27.750000 -80.608333 3
27.750000 -80.606667 3
27.750000 -80.605000 3
27.750000 -80.603333 3
27.750000 -80.601667 3
27.750000 -80.600000 3
27.750000 -80.598333 3
27.750000 -80.596667 3
27.750000 -80.595000 3
27.750000 -80.593333 3
27.750000 -80.591667 3
27.750000 -80.590000 3
27.750000 -80.588333 3
27.750000 -80.586667 3
27.750000 -80.585000 3
27.750000 -80.583333 3
27.750000 -80.581667 3
27.750000 -80.580000 3
27.750000 -80.578333 3
27.750000 -80.576667 3
27.750000 -80.575000 3
27.750000 -80.573333 3
27.750000 -80.571667 3
27.750000 -80.570000 3
27.750000 -80.568333 3
27.750000 -80.566667 3
27.750000 -80.565000 3
27.750000 -80.563333 3
27.750000 -80.561667 3
27.750000 -80.560000 3
27.750000 -80.558333 3
27.750000 -80.556667 3
27.750000 -80.555000 3
27.750000 -80.553333 3
27.750000 -80.551667 3
27.750000 -80.550000 3
27.750000 -80.548333 3
27.750000 -80.546667 3
27.750000 -80.545000 3
27.750000 -80.543333 3
27.750000 -80.541667 3
27.750000 -80.540000 3
27.750000 -80.538333 3
27.750000 -80.536667 3
27.750000 -80.535000 3
27.750000 -80.533333 3
27.750000 -80.531667 3
27.750000 -80.530000 3
27.750000 -80.528333 3
27.750000 -80.526667 3
27.750000 -80.525000 3
27.750000 -80.523333 3
27.750000 -80.521667 3
27.750000 -80.520000 3
27.750000 -80.518333 3
27.750000 -80.516667 3
27.750000 -80.515000 3
27.750000 -80.513333 3
27.750000 -80.511667 3
27.750000 -80.510000 3
27.750000 -80.508333 3
27.750000 -80.506667 3
27.750000 -80.505000 3
27.750000 -80.503333 3
27.750000 -80.501667 3
27.750000 -80.500000 3
27.750000 -80.498333 3
27.750000 -80.496667 3
27.750000 -80.495000 3
27.750000 -80.493333 3
27.750000 -80.491667 3
27.750000 -80.490000 3
27.750000 -80.488333 3
27.750000 -80.486667 3
27.750000 -80.485000 3
27.750000 -80.483333 3
27.750000 -80.481667 3
27.750000 -80.480000 3
27.750000 -80.478333 3
27.750000 -80.476667 3
27.750000 -80.475000 3
27.750000 -80.473333 3
27.750000 -80.471667 3
27.750000 -80.470000 3
27.750000 -80.468333 3
27.750000 -80.466667 3
27.750000 -80.465000 3
27.750000 -80.463333 3
27.750000 -80.461667 3
27.750000 -80.460000 3
27.750000 -80.458333 3
27.750000 -80.456667 3
27.750000 -80.455000 3
27.750000 -80.453333 3
27.750000 -80.451667 3
27.750000 -80.450000 3
27.750000 -80.448333 3
27.750000 -80.446667 3
27.750000 -80.445000 3
27.750000 -80.443333 3
27.750000 -80.441667 3
27.750000 -80.440000 3
27.750000 -80.438333 3
27.750000 -80.436667 3
27.750000 -80.435000 3
27.750000 -80.433333 3
27.750000 -80.431667 3
27.750000 -80.430000 3
27.750000 -80.428333 3
27.750000 -80.426667 3
27.750000 -80.425000 3
27.750000 -80.423333 3
27.750000 -80.421667 3
27.750000 -80.420000 3
27.750000 -80.418333 3
27.750000 -80.416667 3
27.750000 -80.415000 3
27.750000 -80.413333 3
27.750000 -80.411667 3
27.750000 -80.410000 3
27.750000 -80.408333 3
27.750000 -80.406667 3
27.750000 -80.405000 3
27.750000 -80.403333 3
27.750000 -80.401667 3
27.750000 -80.400000 3
27.750000 -80.398333 3
27.750000 -80.396667 3
27.750000 -80.395000 3
27.750000 -80.393333 3
27.750000 -80.391667 3
27.750000 -80.390000 3
27.750000 -80.388333 3
27.750000 -80.386667 3
27.750000 -80.385000 3
27.750000 -80.383333 3
27.750000 -80.381667 3
27.750000 -80.380000 3
27.750000 -80.378333 3
27.750000 -80.376667 3
27.750000 -80.375000 3
27.750000 -80.373333 3
27.750000 -80.371667 3
27.750000 -80.370000 3
27.750000 -80.368333 3
27.750000 -80.366667 3
27.750000 -80.365000 3
27.750000 -80.363333 3
27.750000 -80.361667 3
27.750000 -80.360000 3
27.750000 -80.358333 3
27.750000 -80.356667 3
27.750000 -80.355000 3
27.750000 -80.353333 3
27.750000 -80.351667 3
27.750000 -80.350000 3
29.000000 -80.900000 4
29.000000 -80.898333 4
29.000000 -80.896667 4
29.000000 -80.895000 4
29.000000 -80.893333 4
29.000000 -80.891667 4
29.000000 -80.890000 4
29.000000 -80.888333 4
29.000000 -80.886667 4
29.000000 -80.885000 4
29.000000 -80.883333 4
29.000000 -80.881667 4
29.000000 -80.880000 4
29.000000 -80.878333 4
29.000000 -80.876667 4
29.000000 -80.875000 4
29.000000 -80.873333 4
29.000000 -80.871667 4
29.000000 -80.870000 4
29.000000 -80.868333 4
29.000000 -80.866667 4
29.000000 -80.865000 4
29.000000 -80.863333 4
29.000000 -80.861667 4
29.000000 -80.860000 4
29.000000 -80.858333 4
29.000000 -80.856667 4
29.000000 -80.855000 4
29.000000 -80.853333 4
29.000000 -80.851667 4
29.000000 -80.850000 4
29.000000 -80.848333 4
29.000000 -80.846667 4
29.000000 -80.845000 4
29.000000 -80.843333 4
29.000000 -80.841667 4
29.000000 -80.840000 4
29.000000 -80.838333 4
29.000000 -80.836667 4
29.000000 -80.835000 4
29.000000 -80.833333 4
29.000000 -80.831667 4
29.000000 -80.830000 4
29.000000 -80.828333 4
29.000000 -80.826667 4
29.000000 -80.825000 4
29.000000 -80.823333 4
29.000000 -80.821667 4
29.000000 -80.820000 4
29.000000 -80.818333 4
29.000000 -80.816667 4
29.000000 -80.815000 4
29.000000 -80.813333 4
29.000000 -80.811667 4
29.000000 -80.810000 4
29.000000 -80.808333 4
29.000000 -80.806667 4
29.000000 -80.805000 4
29.000000 -80.803333 4
29.000000 -80.801667 4
29.000000 -80.800000 4
29.000000 -80.798333 4
29.000000 -80.796667 4
29.000000 -80.795000 4
29.000000 -80.793333 4
29.000000 -80.791667 4
29.000000 -80.790000 4
29.000000 -80.788333 4
29.000000 -80.786667 4
29.000000 -80.785000 4
29.000000 -80.783333 4
29.000000 -80.781667 4
29.000000 -80.780000 4
29.000000 -80.778333 4
29.000000 -80.776667 4
29.000000 -80.775000 4
29.000000 -80.773333 4
29.000000 -80.771667 4
29.000000 -80.770000 4
29.000000 -80.768333 4
29.000000 -80.766667 4
29.000000 -80.765000 4
29.000000 -80.763333 4
29.000000 -80.761667 4
29.000000 -80.760000 4
29.000000 -80.758333 4
29.000000 -80.756667 4
29.000000 -80.755000 4
29.000000 -80.753333 4
29.000000 -80.751667 4
29.000000 -80.750000 4
29.000000 -80.748333 4
29.000000 -80.746667 4
29.000000 -80.745000 4
29.000000 -80.743333 4
29.000000 -80.741667 4
29.000000 -80.740000 4
29.000000 -80.738333 4
29.000000 -80.736667 4
29.000000 -80.735000 4
29.000000 -80.733333 4
29.000000 -80.731667 4
29.000000 -80.730000 4
29.000000 -80.728333 4
29.000000 -80.726667 4
29.000000 -80.725000 4
29.000000 -80.723333 4
29.000000 -80.721667 4
29.000000 -80.720000 4
29.000000 -80.718333 4
29.000000 -80.716667 4
29.000000 -80.715000 4
29.000000 -80.713333 4
29.000000 -80.711667 4
29.000000 -80.710000 4
29.000000 -80.708333 4
29.000000 -80.706667 4
29.000000 -80.705000 4
29.000000 -80.703333 4
29.000000 -80.701667 4
29.000000 -80.700000 4
29.000000 -80.698333 4
29.000000 -80.696667 4
29.000000 -80.695000 4
29.000000 -80.693333 4
29.000000 -80.691667 4
29.000000 -80.690000 4
29.000000 -80.688333 4
29.000000 -80.686667 4
29.000000 -80.685000 4
29.000000 -80.683333 4
29.000000 -80.681667 4
29.000000 -80.680000 4
29.000000 -80.678333 4
29.000000 -80.676667 4
29.000000 -80.675000 4
29.000000 -80.673333 4
29.000000 -80.671667 4
29.000000 -80.670000 4
29.000000 -80.668333 4
29.000000 -80.666667 4
29.000000 -80.665000 4
29.000000 -80.663333 4
29.000000 -80.661667 4
29.000000 -80.660000 4
29.000000 -80.658333 4
29.000000 -80.656667 4
29.000000 -80.655000 4
29.000000 -80.653333 4
29.000000 -80.651667 4
29.000000 -80.650000 4
29.000000 -80.648333 4
29.000000 -80.646667 4
29.000000 -80.645000 4
29.000000 -80.643333 4
29.000000 -80.641667 4
29.000000 -80.640000 4
29.000000 -80.638333 4
29.000000 -80.636667 4
29.000000 -80.635000 4
29.000000 -80.633333 4
29.000000 -80.631667 4
29.000000 -80.630000 4
29.000000 -80.628333 4
29.000000 -80.626667 4
29.000000 -80.625000 4
29.000000 -80.623333 4
29.000000 -80.621667 4
29.000000 -80.620000 4
29.000000 -80.618333 4
29.000000 -80.616667 4
29.000000 -80.615000 4
29.000000 -80.613333 4
29.000000 -80.611667 4
29.000000 -80.610000 4
29.000000 -80.608333 4
29.000000 -80.606667 4
29.000000 -80.605000 4
29.000000 -80.603333 4
29.000000 -80.601667 4
29.000000 -80.600000 4
29.000000 -80.598333 4
29.000000 -80.596667 4
29.000000 -80.595000 4
29.000000 -80.593333 4
29.000000 -80.591667 4
29.000000 -80.590000 4
29.000000 -80.588333 4
29.000000 -80.586667 4
29.000000 -80.585000 4
29.000000 -80.583333 4
29.000000 -80.581667 4
29.000000 -80.580000 4
29.000000 -80.578333 4
29.000000 -80.576667 4
29.000000 -80.575000 4
29.000000 -80.573333 4
29.000000 -80.571667 4
29.000000 -80.570000 4
29.000000 -80.568333 4
29.000000 -80.566667 4
29.000000 -80.565000 4
29.000000 -80.563333 4
29.000000 -80.561667 4
29.000000 -80.560000 4
29.000000 -80.558333 4
29.000000 -80.556667 4
29.000000 -80.555000 4
29.000000 -80.553333 4
29.000000 -80.551667 4
29.000000 -80.550000 4
29.000000 -80.548333 4
29.000000 -80.546667 4
29.000000 -80.545000 4
29.000000 -80.543333 4
29.000000 -80.541667 4
29.000000 -80.540000 4
29.000000 -80.538333 4
29.000000 -80.536667 4
29.000000 -80.535000 4
29.000000 -80.533333 4
29.000000 -80.531667 4
29.000000 -80.530000 4
29.000000 -80.528333 4
29.000000 -80.526667 4
29.000000 -80.525000 4
29.000000 -80.523333 4
29.000000 -80.521667 4
29.000000 -80.520000 4
29.000000 -80.518333 4
29.000000 -80.516667 4
29.000000 -80.515000 4
29.000000 -80.513333 4
29.000000 -80.511667 4
29.000000 -80.510000 4
29.000000 -80.508333 4
29.000000 -80.506667 4
29.000000 -80.505000 4
29.000000 -80.503333 4
29.000000 -80.501667 4
29.000000 -80.500000 4
29.000000 -80.498333 4
29.000000 -80.496667 4
29.000000 -80.495000 4
29.000000 -80.493333 4
29.000000 -80.491667 4
29.000000 -80.490000 4
29.000000 -80.488333 4
29.000000 -80.486667 4
29.000000 -80.485000 4
29.000000 -80.483333 4
29.000000 -80.481667 4
29.000000 -80.480000 4
29.000000 -80.478333 4
29.000000 -80.476667 4
29.000000 -80.475000 4
29.000000 -80.473333 4
29.000000 -80.471667 4
29.000000 -80.470000 4
29.000000 -80.468333 4
29.000000 -80.466667 4
29.000000 -80.465000 4
29.000000 -80.463333 4
29.000000 -80.461667 4
29.000000 -80.460000 4
29.000000 -80.458333 4
29.000000 -80.456667 4
29.000000 -80.455000 4
29.000000 -80.453333 4
29.000000 -80.451667 4
29.000000 -80.450000 4
29.000000 -80.448333 4
29.000000 -80.446667 4
29.000000 -80.445000 4
29.000000 -80.443333 4
29.000000 -80.441667 4
29.000000 -80.440000 4
29.000000 -80.438333 4
29.000000 -80.436667 4
29.000000 -80.435000 4
29.000000 -80.433333 4
29.000000 -80.431667 4
29.000000 -80.430000 4
29.000000 -80.428333 4
29.000000 -80.426667 4
29.000000 -80.425000 4
29.000000 -80.423333 4
29.000000 -80.421667 4
29.000000 -80.420000 4
29.000000 -80.418333 4
29.000000 -80.416667 4
29.000000 -80.415000 4
29.000000 -80.413333 4
29.000000 -80.411667 4
29.000000 -80.410000 4
29.000000 -80.408333 4
29.000000 -80.406667 4
29.000000 -80.405000 4
29.000000 -80.403333 4
29.000000 -80.401667 4
29.000000 -80.400000 4
29.000000 -80.398333 4
29.000000 -80.396667 4
29.000000 -80.395000 4
29.000000 -80.393333 4
29.000000 -80.391667 4
29.000000 -80.390000 4
29.000000 -80.388333 4
29.000000 -80.386667 4
29.000000 -80.385000 4
29.000000 -80.383333 4
29.000000 -80.381667 4
29.000000 -80.380000 4
29.000000 -80.378333 4
29.000000 -80.376667 4
29.000000 -80.375000 4
29.000000 -80.373333 4
29.000000 -80.371667 4
29.000000 -80.370000 4
29.000000 -80.368333 4
29.000000 -80.366667 4
29.000000 -80.365000 4
29.000000 -80.363333 4
29.000000 -80.361667 4
29.000000 -80.360000 4
29.000000 -80.358333 4
29.000000 -80.356667 4
29.000000 -80.355000 4
29.000000 -80.353333 4
29.000000 -80.351667 4
29.000000 -80.350000 4
26.250000 -80.000000 5
26.251667 -80.000000 5
26.253333 -80.000000 5
26.255000 -80.000000 5
26.256667 -80.000000 5
26.258333 -80.000000 5
26.260000 -80.000000 5
26.261667 -80.000000 5
26.263333 -80.000000 5
26.265000 -80.000000 5
26.266667 -80.000000 5
26.268333 -80.000000 5
26.270000 -80.000000 5
26.271667 -80.000000 5
26.273333 -80.000000 5
26.275000 -80.000000 5
26.276667 -80.000000 5
26.278333 -80.000000 5
26.280000 -80.000000 5
26.281667 -80.000000 5
26.283333 -80.000000 5
26.285000 -80.000000 5
26.286667 -80.000000 5
26.288333 -80.000000 5
26.290000 -80.000000 5
26.291667 -80.000000 5
26.293333 -80.000000 5
26.295000 -80.000000 5
26.296667 -80.000000 5
26.298333 -80.000000 5
26.300000 -80.000000 5
26.301667 -80.000000 5
26.303333 -80.000000 5
26.305000 -80.000000 5
26.306667 -80.000000 5
26.308333 -80.000000 5
26.310000 -80.000000 5
26.311667 -80.000000 5
26.313333 -80.000000 5
26.315000 -80.000000 5
26.316667 -80.000000 5
26.318333 -80.000000 5
26.320000 -80.000000 5
26.321667 -80.000000 5
26.323333 -80.000000 5
26.325000 -80.000000 5
26.326667 -80.000000 5
26.328333 -80.000000 5
26.330000 -80.000000 5
26.331667 -80.000000 5
26.333333 -80.000000 5
26.335000 -80.000000 5
26.336667 -80.000000 5
26.338333 -80.000000 5
26.340000 -80.000000 5
26.341667 -80.000000 5
26.343333 -80.000000 5
26.345000 -80.000000 5
26.346667 -80.000000 5
26.348333 -80.000000 5
26.350000 -80.000000 5
26.351667 -80.000000 5
26.353333 -80.000000 5
26.355000 -80.000000 5
26.356667 -80.000000 5
26.358333 -80.000000 5
26.360000 -80.000000 5
26.361667 -80.000000 5
26.363333 -80.000000 5
26.365000 -80.000000 5
26.366667 -80.000000 5
26.368333 -80.000000 5
26.370000 -80.000000 5
26.371667 -80.000000 5
26.373333 -80.000000 5
26.375000 -80.000000 5
26.376667 -80.000000 5
26.378333 -80.000000 5
26.380000 -80.000000 5
26.381667 -80.000000 5
26.383333 -80.000000 5
26.385000 -80.000000 5
26.386667 -80.000000 5
26.388333 -80.000000 5
26.390000 -80.000000 5
26.391667 -80.000000 5
26.393333 -80.000000 5
26.395000 -80.000000 5
26.396667 -80.000000 5
26.398333 -80.000000 5
26.400000 -80.000000 5
26.401667 -80.000000 5
26.403333 -80.000000 5
26.405000 -80.000000 5
26.406667 -80.000000 5
26.408333 -80.000000 5
26.410000 -80.000000 5
26.411667 -80.000000 5
26.413333 -80.000000 5
26.415000 -80.000000 5
26.416667 -80.000000 5
26.418333 -80.000000 5
26.420000 -80.000000 5
26.421667 -80.000000 5
26.423333 -80.000000 5
26.425000 -80.000000 5
26.426667 -80.000000 5
26.428333 -80.000000 5
26.430000 -80.000000 5
26.431667 -80.000000 5
26.433333 -80.000000 5
26.435000 -80.000000 5
26.436667 -80.000000 5
26.438333 -80.000000 5
26.440000 -80.000000 5
26.441667 -80.000000 5
26.443333 -80.000000 5
26.445000 -80.000000 5
26.446667 -80.000000 5
26.448333 -80.000000 5
26.450000 -80.000000 5
26.451667 -80.000000 5
26.453333 -80.000000 5
26.455000 -80.000000 5
26.456667 -80.000000 5
26.458333 -80.000000 5
26.460000 -80.000000 5
26.461667 -80.000000 5
26.463333 -80.000000 5
26.465000 -80.000000 5
26.466667 -80.000000 5
26.468333 -80.000000 5
26.470000 -80.000000 5
26.471667 -80.000000 5
26.473333 -80.000000 5
26.475000 -80.000000 5
26.476667 -80.000000 5
26.478333 -80.000000 5
26.480000 -80.000000 5
26.481667 -80.000000 5
26.483333 -80.000000 5
26.485000 -80.000000 5
26.486667 -80.000000 5
26.488333 -80.000000 5
26.490000 -80.000000 5
26.491667 -80.000000 5
26.493333 -80.000000 5
26.495000 -80.000000 5
26.496667 -80.000000 5
26.498333 -80.000000 5
26.500000 -80.000000 5
26.501667 -80.000000 5
26.503333 -80.000000 5
26.505000 -80.000000 5
26.506667 -80.000000 5
26.508333 -80.000000 5
26.510000 -80.000000 5
26.511667 -80.000000 5
26.513333 -80.000000 5
26.515000 -80.000000 5
26.516667 -80.000000 5
26.518333 -80.000000 5
26.520000 -80.000000 5
26.521667 -80.000000 5
26.523333 -80.000000 5
26.525000 -80.000000 5
26.526667 -80.000000 5
26.528333 -80.000000 5
26.530000 -80.000000 5
26.531667 -80.000000 5
26.533333 -80.000000 5
26.535000 -80.000000 5
26.536667 -80.000000 5
26.538333 -80.000000 5
26.540000 -80.000000 5
26.541667 -80.000000 5
26.543333 -80.000000 5
26.545000 -80.000000 5
26.546667 -80.000000 5
26.548333 -80.000000 5
26.550000 -80.000000 5
26.551667 -80.000000 5
26.553333 -80.000000 5
26.555000 -80.000000 5
26.556667 -80.000000 5
26.558333 -80.000000 5
26.560000 -80.000000 5
26.561667 -80.000000 5
26.563333 -80.000000 5
26.565000 -80.000000 5
26.566667 -80.000000 5
26.568333 -80.000000 5
26.570000 -80.000000 5
26.571667 -80.000000 5
26.573333 -80.000000 5
26.575000 -80.000000 5
26.576667 -80.000000 5
26.578333 -80.000000 5
26.580000 -80.000000 5
26.581667 -80.000000 5
26.583333 -80.000000 5
26.585000 -80.000000 5
26.586667 -80.000000 5
26.588333 -80.000000 5
26.590000 -80.000000 5
26.591667 -80.000000 5
26.593333 -80.000000 5
26.595000 -80.000000 5
26.596667 -80.000000 5
26.598333 -80.000000 5
26.600000 -80.000000 5
26.601667 -80.000000 5
26.603333 -80.000000 5
26.605000 -80.000000 5
26.606667 -80.000000 5
26.608333 -80.000000 5
26.610000 -80.000000 5
26.611667 -80.000000 5
26.613333 -80.000000 5
26.615000 -80.000000 5
26.616667 -80.000000 5
26.618333 -80.000000 5
26.620000 -80.000000 5
26.621667 -80.000000 5
26.623333 -80.000000 5
26.625000 -80.000000 5
26.626667 -80.000000 5
26.628333 -80.000000 5
26.630000 -80.000000 5
26.631667 -80.000000 5
26.633333 -80.000000 5
26.635000 -80.000000 5
26.636667 -80.000000 5
26.638333 -80.000000 5
26.640000 -80.000000 5
26.641667 -80.000000 5
26.643333 -80.000000 5
26.645000 -80.000000 5
26.646667 -80.000000 5
26.648333 -80.000000 5
26.650000 -80.000000 5
26.651667 -80.000000 5
26.653333 -80.000000 5
26.655000 -80.000000 5
26.656667 -80.000000 5
26.658333 -80.000000 5
26.660000 -80.000000 5
26.661667 -80.000000 5
26.663333 -80.000000 5
26.665000 -80.000000 5
26.666667 -80.000000 5
26.668333 -80.000000 5
26.670000 -80.000000 5
26.671667 -80.000000 5
26.673333 -80.000000 5
26.675000 -80.000000 5
26.676667 -80.000000 5
26.678333 -80.000000 5
26.680000 -80.000000 5
26.681667 -80.000000 5
26.683333 -80.000000 5
26.685000 -80.000000 5
26.686667 -80.000000 5
26.688333 -80.000000 5
26.690000 -80.000000 5
26.691667 -80.000000 5
26.693333 -80.000000 5
26.695000 -80.000000 5
26.696667 -80.000000 5
26.698333 -80.000000 5
26.700000 -80.000000 5
26.701667 -80.000000 5
26.703333 -80.000000 5
26.705000 -80.000000 5
26.706667 -80.000000 5
26.708333 -80.000000 5
26.710000 -80.000000 5
26.711667 -80.000000 5
26.713333 -80.000000 5
26.715000 -80.000000 5
26.716667 -80.000000 5
26.718333 -80.000000 5
26.720000 -80.000000 5
26.721667 -80.000000 5
26.723333 -80.000000 5
26.725000 -80.000000 5
26.726667 -80.000000 5
26.728333 -80.000000 5
26.730000 -80.000000 5
26.731667 -80.000000 5
26.733333 -80.000000 5
26.735000 -80.000000 5
26.736667 -80.000000 5
26.738333 -80.000000 5
26.740000 -80.000000 5
26.741667 -80.000000 5
26.743333 -80.000000 5
26.745000 -80.000000 5
26.746667 -80.000000 5
26.748333 -80.000000 5
26.750000 -80.000000 5
26.751667 -80.000000 5
26.753333 -80.000000 5
26.755000 -80.000000 5
26.756667 -80.000000 5
26.758333 -80.000000 5
26.760000 -80.000000 5
26.761667 -80.000000 5
26.763333 -80.000000 5
26.765000 -80.000000 5
26.766667 -80.000000 5
26.768333 -80.000000 5
26.770000 -80.000000 5
26.771667 -80.000000 5
26.773333 -80.000000 5
26.775000 -80.000000 5
26.776667 -80.000000 5
26.778333 -80.000000 5
26.780000 -80.000000 5
26.781667 -80.000000 5
26.783333 -80.000000 5
26.785000 -80.000000 5
26.786667 -80.000000 5
26.788333 -80.000000 5
26.790000 -80.000000 5
26.791667 -80.000000 5
26.793333 -80.000000 5
26.795000 -80.000000 5
26.796667 -80.000000 5
26.798333 -80.000000 5
26.800000 -80.000000 5
26.801667 -80.000000 5
26.803333 -80.000000 5
26.805000 -80.000000 5
26.806667 -80.000000 5
26.808333 -80.000000 5
26.810000 -80.000000 5
26.811667 -80.000000 5
26.813333 -80.000000 5
26.815000 -80.000000 5
26.816667 -80.000000 5
26.818333 -80.000000 5
26.820000 -80.000000 5
26.821667 -80.000000 5
26.823333 -80.000000 5
26.825000 -80.000000 5
26.826667 -80.000000 5
26.828333 -80.000000 5
26.830000 -80.000000 5
26.831667 -80.000000 5
26.833333 -80.000000 5
26.835000 -80.000000 5
26.836667 -80.000000 5
26.838333 -80.000000 5
26.840000 -80.000000 5
26.841667 -80.000000 5
26.843333 -80.000000 5
26.845000 -80.000000 5
26.846667 -80.000000 5
26.848333 -80.000000 5
26.850000 -80.000000 5
26.851667 -80.000000 5
26.853333 -80.000000 5
26.855000 -80.000000 5
26.856667 -80.000000 5
26.858333 -80.000000 5
26.860000 -80.000000 5
26.861667 -80.000000 5
26.863333 -80.000000 5
26.865000 -80.000000 5
26.866667 -80.000000 5
26.868333 -80.000000 5
26.870000 -80.000000 5
26.871667 -80.000000 5
26.873333 -80.000000 5
26.875000 -80.000000 5
26.876667 -80.000000 5
26.878333 -80.000000 5
26.880000 -80.000000 5
26.881667 -80.000000 5
26.883333 -80.000000 5
26.885000 -80.000000 5
26.886667 -80.000000 5
26.888333 -80.000000 5
26.890000 -80.000000 5
26.891667 -80.000000 5
26.893333 -80.000000 5
26.895000 -80.000000 5
26.896667 -80.000000 5
26.898333 -80.000000 5
26.900000 -80.000000 5
26.901667 -80.000000 5
26.903333 -80.000000 5
26.905000 -80.000000 5
26.906667 -80.000000 5
26.908333 -80.000000 5
26.910000 -80.000000 5
26.911667 -80.000000 5
26.913333 -80.000000 5
26.915000 -80.000000 5
26.916667 -80.000000 5
26.918333 -80.000000 5
26.920000 -80.000000 5
26.921667 -80.000000 5
26.923333 -80.000000 5
26.925000 -80.000000 5
26.926667 -80.000000 5
26.928333 -80.000000 5
26.930000 -80.000000 5
26.931667 -80.000000 5
26.933333 -80.000000 5
26.935000 -80.000000 5
26.936667 -80.000000 5
26.938333 -80.000000 5
26.940000 -80.000000 5
26.941667 -80.000000 5
26.943333 -80.000000 5
26.945000 -80.000000 5
26.946667 -80.000000 5
26.948333 -80.000000 5
26.950000 -80.000000 5
26.951667 -80.000000 5
26.953333 -80.000000 5
26.955000 -80.000000 5
26.956667 -80.000000 5
26.958333 -80.000000 5
26.960000 -80.000000 5
26.961667 -80.000000 5
26.963333 -80.000000 5
26.965000 -80.000000 5
26.966667 -80.000000 5
26.968333 -80.000000 5
26.970000 -80.000000 5
26.971667 -80.000000 5
26.973333 -80.000000 5
26.975000 -80.000000 5
26.976667 -80.000000 5
26.978333 -80.000000 5
26.980000 -80.000000 5
26.981667 -80.000000 5
26.983333 -80.000000 5
26.985000 -80.000000 5
26.986667 -80.000000 5
26.988333 -80.000000 5
26.990000 -80.000000 5
26.991667 -80.000000 5
26.993333 -80.000000 5
26.995000 -80.000000 5
26.996667 -80.000000 5
26.998333 -80.000000 5
27.000000 -80.000000 5
26.250000 -80.200000 6
26.251667 -80.200000 6
26.253333 -80.200000 6
26.255000 -80.200000 6
26.256667 -80.200000 6
26.258333 -80.200000 6
26.260000 -80.200000 6
26.261667 -80.200000 6
26.263333 -80.200000 6
26.265000 -80.200000 6
26.266667 -80.200000 6
26.268333 -80.200000 6
26.270000 -80.200000 6
26.271667 -80.200000 6
26.273333 -80.200000 6
26.275000 -80.200000 6
26.276667 -80.200000 6
26.278333 -80.200000 6
26.280000 -80.200000 6
26.281667 -80.200000 6
26.283333 -80.200000 6
26.285000 -80.200000 6
26.286667 -80.200000 6
26.288333 -80.200000 6
26.290000 -80.200000 6
26.291667 -80.200000 6
26.293333 -80.200000 6
26.295000 -80.200000 6
26.296667 -80.200000 6
26.298333 -80.200000 6
26.300000 -80.200000 6
26.301667 -80.200000 6
26.303333 -80.200000 6
26.305000 -80.200000 6
26.306667 -80.200000 6
26.308333 -80.200000 6
26.310000 -80.200000 6
26.311667 -80.200000 6
26.313333 -80.200000 6
26.315000 -80.200000 6
26.316667 -80.200000 6
26.318333 -80.200000 6
26.320000 -80.200000 6
26.321667 -80.200000 6
26.323333 -80.200000 6
26.325000 -80.200000 6
26.326667 -80.200000 6
26.328333 -80.200000 6
26.330000 -80.200000 6
26.331667 -80.200000 6
26.333333 -80.200000 6
26.335000 -80.200000 6
26.336667 -80.200000 6
26.338333 -80.200000 6
26.340000 -80.200000 6
26.341667 -80.200000 6
26.343333 -80.200000 6
26.345000 -80.200000 6
26.346667 -80.200000 6
26.348333 -80.200000 6
26.350000 -80.200000 6
26.351667 -80.200000 6
26.353333 -80.200000 6
26.355000 -80.200000 6
26.356667 -80.200000 6
26.358333 -80.200000 6
26.360000 -80.200000 6
26.361667 -80.200000 6
26.363333 -80.200000 6
26.365000 -80.200000 6
26.366667 -80.200000 6
26.368333 -80.200000 6
26.370000 -80.200000 6
26.371667 -80.200000 6
26.373333 -80.200000 6
26.375000 -80.200000 6
26.376667 -80.200000 6
26.378333 -80.200000 6
26.380000 -80.200000 6
26.381667 -80.200000 6
26.383333 -80.200000 6
26.385000 -80.200000 6
26.386667 -80.200000 6
26.388333 -80.200000 6
26.390000 -80.200000 6
26.391667 -80.200000 6
26.393333 -80.200000 6
26.395000 -80.200000 6
26.396667 -80.200000 6
26.398333 -80.200000 6
26.400000 -80.200000 6
26.401667 -80.200000 6
26.403333 -80.200000 6
26.405000 -80.200000 6
26.406667 -80.200000 6
26.408333 -80.200000 6
26.410000 -80.200000 6
26.411667 -80.200000 6
26.413333 -80.200000 6
26.415000 -80.200000 6
26.416667 -80.200000 6
26.418333 -80.200000 6
26.420000 -80.200000 6
26.421667 -80.200000 6
26.423333 -80.200000 6
26.425000 -80.200000 6
26.426667 -80.200000 6
26.428333 -80.200000 6
26.430000 -80.200000 6
26.431667 -80.200000 6
26.433333 -80.200000 6
26.435000 -80.200000 6
26.436667 -80.200000 6
26.438333 -80.200000 6
26.440000 -80.200000 6
26.441667 -80.200000 6
26.443333 -80.200000 6
26.445000 -80.200000 6
26.446667 -80.200000 6
26.448333 -80.200000 6
26.450000 -80.200000 6
26.451667 -80.200000 6
26.453333 -80.200000 6
26.455000 -80.200000 6
26.456667 -80.200000 6
26.458333 -80.200000 6
26.460000 -80.200000 6
26.461667 -80.200000 6
26.463333 -80.200000 6
26.465000 -80.200000 6
26.466667 -80.200000 6
26.468333 -80.200000 6
26.470000 -80.200000 6
26.471667 -80.200000 6
26.473333 -80.200000 6
26.475000 -80.200000 6
26.476667 -80.200000 6
26.478333 -80.200000 6
26.480000 -80.200000 6
26.481667 -80.200000 6
26.483333 -80.200000 6
26.485000 -80.200000 6
26.486667 -80.200000 6
26.488333 -80.200000 6
26.490000 -80.200000 6
26.491667 -80.200000 6
26.493333 -80.200000 6
26.495000 -80.200000 6
26.496667 -80.200000 6
26.498333 -80.200000 6
26.500000 -80.200000 6
26.501667 -80.200000 6
26.503333 -80.200000 6
26.505000 -80.200000 6
26.506667 -80.200000 6
26.508333 -80.200000 6
26.510000 -80.200000 6
26.511667 -80.200000 6
26.513333 -80.200000 6
26.515000 -80.200000 6
26.516667 -80.200000 6
26.518333 -80.200000 6
26.520000 -80.200000 6
26.521667 -80.200000 6
26.523333 -80.200000 6
26.525000 -80.200000 6
26.526667 -80.200000 6
26.528333 -80.200000 6
26.530000 -80.200000 6
26.531667 -80.200000 6
26.533333 -80.200000 6
26.535000 -80.200000 6
26.536667 -80.200000 6
26.538333 -80.200000 6
26.540000 -80.200000 6
26.541667 -80.200000 6
26.543333 -80.200000 6
26.545000 -80.200000 6
26.546667 -80.200000 6
26.548333 -80.200000 6
26.550000 -80.200000 6
26.551667 -80.200000 6
26.553333 -80.200000 6
26.555000 -80.200000 6
26.556667 -80.200000 6
26.558333 -80.200000 6
26.560000 -80.200000 6
26.561667 -80.200000 6
26.563333 -80.200000 6
26.565000 -80.200000 6
26.566667 -80.200000 6
26.568333 -80.200000 6
26.570000 -80.200000 6
26.571667 -80.200000 6
26.573333 -80.200000 6
26.575000 -80.200000 6
26.576667 -80.200000 6
26.578333 -80.200000 6
26.580000 -80.200000 6
26.581667 -80.200000 6
26.583333 -80.200000 6
26.585000 -80.200000 6
26.586667 -80.200000 6
26.588333 -80.200000 6
26.590000 -80.200000 6
26.591667 -80.200000 6
26.593333 -80.200000 6
26.595000 -80.200000 6
26.596667 -80.200000 6
26.598333 -80.200000 6
26.600000 -80.200000 6
26.601667 -80.200000 6
26.603333 -80.200000 6
26.605000 -80.200000 6
26.606667 -80.200000 6
26.608333 -80.200000 6
26.610000 -80.200000 6
26.611667 -80.200000 6
26.613333 -80.200000 6
26.615000 -80.200000 6
26.616667 -80.200000 6
26.618333 -80.200000 6
26.620000 -80.200000 6
26.621667 -80.200000 6
26.623333 -80.200000 6
26.625000 -80.200000 6
26.626667 -80.200000 6
26.628333 -80.200000 6
26.630000 -80.200000 6
26.631667 -80.200000 6
26.633333 -80.200000 6
26.635000 -80.200000 6
26.636667 -80.200000 6
26.638333 -80.200000 6
26.640000 -80.200000 6
26.641667 -80.200000 6
26.643333 -80.200000 6
26.645000 -80.200000 6
26.646667 -80.200000 6
26.648333 -80.200000 6
26.650000 -80.200000 6
26.651667 -80.200000 6
26.653333 -80.200000 6
26.655000 -80.200000 6
26.656667 -80.200000 6
26.658333 -80.200000 6
26.660000 -80.200000 6
26.661667 -80.200000 6
26.663333 -80.200000 6
26.665000 -80.200000 6
26.666667 -80.200000 6
26.668333 -80.200000 6
26.670000 -80.200000 6
26.671667 -80.200000 6
26.673333 -80.200000 6
26.675000 -80.200000 6
26.676667 -80.200000 6
26.678333 -80.200000 6
26.680000 -80.200000 6
26.681667 -80.200000 6
26.683333 -80.200000 6
26.685000 -80.200000 6
26.686667 -80.200000 6
26.688333 -80.200000 6
26.690000 -80.200000 6
26.691667 -80.200000 6
26.693333 -80.200000 6
26.695000 -80.200000 6
26.696667 -80.200000 6
26.698333 -80.200000 6
26.700000 -80.200000 6
26.701667 -80.200000 6
26.703333 -80.200000 6
26.705000 -80.200000 6
26.706667 -80.200000 6
26.708333 -80.200000 6
26.710000 -80.200000 6
26.711667 -80.200000 6
26.713333 -80.200000 6
26.715000 -80.200000 6
26.716667 -80.200000 6
26.718333 -80.200000 6
26.720000 -80.200000 6
26.721667 -80.200000 6
26.723333 -80.200000 6
26.725000 -80.200000 6
26.726667 -80.200000 6
26.728333 -80.200000 6
26.730000 -80.200000 6
26.731667 -80.200000 6
26.733333 -80.200000 6
26.735000 -80.200000 6
26.736667 -80.200000 6
26.738333 -80.200000 6
26.740000 -80.200000 6
26.741667 -80.200000 6
26.743333 -80.200000 6
26.745000 -80.200000 6
26.746667 -80.200000 6
26.748333 -80.200000 6
26.750000 -80.200000 6
26.751667 -80.200000 6
26.753333 -80.200000 6
26.755000 -80.200000 6
26.756667 -80.200000 6
26.758333 -80.200000 6
26.760000 -80.200000 6
26.761667 -80.200000 6
26.763333 -80.200000 6
26.765000 -80.200000 6
26.766667 -80.200000 6
26.768333 -80.200000 6
26.770000 -80.200000 6
26.771667 -80.200000 6
26.773333 -80.200000 6
26.775000 -80.200000 6
26.776667 -80.200000 6
26.778333 -80.200000 6
26.780000 -80.200000 6
26.781667 -80.200000 6
26.783333 -80.200000 6
26.785000 -80.200000 6
26.786667 -80.200000 6
26.788333 -80.200000 6
26.790000 -80.200000 6
26.791667 -80.200000 6
26.793333 -80.200000 6
26.795000 -80.200000 6
26.796667 -80.200000 6
26.798333 -80.200000 6
26.800000 -80.200000 6
26.801667 -80.200000 6
26.803333 -80.200000 6
26.805000 -80.200000 6
26.806667 -80.200000 6
26.808333 -80.200000 6
26.810000 -80.200000 6
26.811667 -80.200000 6
26.813333 -80.200000 6
26.815000 -80.200000 6
26.816667 -80.200000 6
26.818333 -80.200000 6
26.820000 -80.200000 6
26.821667 -80.200000 6
26.823333 -80.200000 6
26.825000 -80.200000 6
26.826667 -80.200000 6
26.828333 -80.200000 6
26.830000 -80.200000 6
26.831667 -80.200000 6
26.833333 -80.200000 6
26.835000 -80.200000 6
26.836667 -80.200000 6
26.838333 -80.200000 6
26.840000 -80.200000 6
26.841667 -80.200000 6
26.843333 -80.200000 6
26.845000 -80.200000 6
26.846667 -80.200000 6
26.848333 -80.200000 6
26.850000 -80.200000 6
26.851667 -80.200000 6
26.853333 -80.200000 6
26.855000 -80.200000 6
26.856667 -80.200000 6
26.858333 -80.200000 6
26.860000 -80.200000 6
26.861667 -80.200000 6
26.863333 -80.200000 6
26.865000 -80.200000 6
26.866667 -80.200000 6
26.868333 -80.200000 6
26.870000 -80.200000 6
26.871667 -80.200000 6
26.873333 -80.200000 6
26.875000 -80.200000 6
26.876667 -80.200000 6
26.878333 -80.200000 6
26.880000 -80.200000 6
26.881667 -80.200000 6
26.883333 -80.200000 6
26.885000 -80.200000 6
26.886667 -80.200000 6
26.888333 -80.200000 6
26.890000 -80.200000 6
26.891667 -80.200000 6
26.893333 -80.200000 6
26.895000 -80.200000 6
26.896667 -80.200000 6
26.898333 -80.200000 6
26.900000 -80.200000 6
26.901667 -80.200000 6
26.903333 -80.200000 6
26.905000 -80.200000 6
26.906667 -80.200000 6
26.908333 -80.200000 6
26.910000 -80.200000 6
26.911667 -80.200000 6
26.913333 -80.200000 6
26.915000 -80.200000 6
26.916667 -80.200000 6
26.918333 -80.200000 6
26.920000 -80.200000 6
26.921667 -80.200000 6
26.923333 -80.200000 6
26.925000 -80.200000 6
26.926667 -80.200000 6
26.928333 -80.200000 6
26.930000 -80.200000 6
26.931667 -80.200000 6
26.933333 -80.200000 6
26.935000 -80.200000 6
26.936667 -80.200000 6
26.938333 -80.200000 6
26.940000 -80.200000 6
26.941667 -80.200000 6
26.943333 -80.200000 6
26.945000 -80.200000 6
26.946667 -80.200000 6
26.948333 -80.200000 6
26.950000 -80.200000 6
26.951667 -80.200000 6
26.953333 -80.200000 6
26.955000 -80.200000 6
26.956667 -80.200000 6
26.958333 -80.200000 6
26.960000 -80.200000 6
26.961667 -80.200000 6
26.963333 -80.200000 6
26.965000 -80.200000 6
26.966667 -80.200000 6
26.968333 -80.200000 6
26.970000 -80.200000 6
26.971667 -80.200000 6
26.973333 -80.200000 6
26.975000 -80.200000 6
26.976667 -80.200000 6
26.978333 -80.200000 6
26.980000 -80.200000 6
26.981667 -80.200000 6
26.983333 -80.200000 6
26.985000 -80.200000 6
26.986667 -80.200000 6
26.988333 -80.200000 6
26.990000 -80.200000 6
26.991667 -80.200000 6
26.993333 -80.200000 6
26.995000 -80.200000 6
26.996667 -80.200000 6
26.998333 -80.200000 6
27.000000 -80.200000 6
26.250000 -80.200000 7
26.250000 -80.198333 7
26.250000 -80.196667 7
26.250000 -80.195000 7
26.250000 -80.193333 7
26.250000 -80.191667 7
26.250000 -80.190000 7
26.250000 -80.188333 7
26.250000 -80.186667 7
26.250000 -80.185000 7
26.250000 -80.183333 7
26.250000 -80.181667 7
26.250000 -80.180000 7
26.250000 -80.178333 7
26.250000 -80.176667 7
26.250000 -80.175000 7
26.250000 -80.173333 7
26.250000 -80.171667 7
26.250000 -80.170000 7
26.250000 -80.168333 7
26.250000 -80.166667 7
26.250000 -80.165000 7
26.250000 -80.163333 7
26.250000 -80.161667 7
26.250000 -80.160000 7
26.250000 -80.158333 7
26.250000 -80.156667 7
26.250000 -80.155000 7
26.250000 -80.153333 7
26.250000 -80.151667 7
26.250000 -80.150000 7
26.250000 -80.148333 7
26.250000 -80.146667 7
26.250000 -80.145000 7
26.250000 -80.143333 7
26.250000 -80.141667 7
26.250000 -80.140000 7
26.250000 -80.138333 7
26.250000 -80.136667 7
26.250000 -80.135000 7
26.250000 -80.133333 7
26.250000 -80.131667 7
26.250000 -80.130000 7
26.250000 -80.128333 7
26.250000 -80.126667 7
26.250000 -80.125000 7
26.250000 -80.123333 7
26.250000 -80.121667 7
26.250000 -80.120000 7
26.250000 -80.118333 7
26.250000 -80.116667 7
26.250000 -80.115000 7
26.250000 -80.113333 7
26.250000 -80.111667 7
26.250000 -80.110000 7
26.250000 -80.108333 7
26.250000 -80.106667 7
26.250000 -80.105000 7
26.250000 -80.103333 7
26.250000 -80.101667 7
26.250000 -80.100000 7
26.250000 -80.098333 7
26.250000 -80.096667 7
26.250000 -80.095000 7
26.250000 -80.093333 7
26.250000 -80.091667 7
26.250000 -80.090000 7
26.250000 -80.088333 7
26.250000 -80.086667 7
26.250000 -80.085000 7
26.250000 -80.083333 7
26.250000 -80.081667 7
26.250000 -80.080000 7
26.250000 -80.078333 7
26.250000 -80.076667 7
26.250000 -80.075000 7
26.250000 -80.073333 7
26.250000 -80.071667 7
26.250000 -80.070000 7
26.250000 -80.068333 7
26.250000 -80.066667 7
26.250000 -80.065000 7
26.250000 -80.063333 7
26.250000 -80.061667 7
26.250000 -80.060000 7
26.250000 -80.058333 7
26.250000 -80.056667 7
26.250000 -80.055000 7
26.250000 -80.053333 7
26.250000 -80.051667 7
26.250000 -80.050000 7
26.250000 -80.048333 7
26.250000 -80.046667 7
26.250000 -80.045000 7
26.250000 -80.043333 7
26.250000 -80.041667 7
26.250000 -80.040000 7
26.250000 -80.038333 7
26.250000 -80.036667 7
26.250000 -80.035000 7
26.250000 -80.033333 7
26.250000 -80.031667 7
26.250000 -80.030000 7
26.250000 -80.028333 7
26.250000 -80.026667 7
26.250000 -80.025000 7
26.250000 -80.023333 7
26.250000 -80.021667 7
26.250000 -80.020000 7
26.250000 -80.018333 7
26.250000 -80.016667 7
26.250000 -80.015000 7
26.250000 -80.013333 7
26.250000 -80.011667 7
26.250000 -80.010000 7
26.250000 -80.008333 7
26.250000 -80.006667 7
26.250000 -80.005000 7
26.250000 -80.003333 7
26.250000 -80.001667 7
26.250000 -80.000000 7
27.000000 -80.200000 8
27.000000 -80.198333 8
27.000000 -80.196667 8
27.000000 -80.195000 8
27.000000 -80.193333 8
27.000000 -80.191667 8
27.000000 -80.190000 8
27.000000 -80.188333 8
27.000000 -80.186667 8
27.000000 -80.185000 8
27.000000 -80.183333 8
27.000000 -80.181667 8
27.000000 -80.180000 8
27.000000 -80.178333 8
27.000000 -80.176667 8
27.000000 -80.175000 8
27.000000 -80.173333 8
27.000000 -80.171667 8
27.000000 -80.170000 8
27.000000 -80.168333 8
27.000000 -80.166667 8
27.000000 -80.165000 8
27.000000 -80.163333 8
27.000000 -80.161667 8
27.000000 -80.160000 8
27.000000 -80.158333 8
27.000000 -80.156667 8
27.000000 -80.155000 8
27.000000 -80.153333 8
27.000000 -80.151667 8
27.000000 -80.150000 8
27.000000 -80.148333 8
27.000000 -80.146667 8
27.000000 -80.145000 8
27.000000 -80.143333 8
27.000000 -80.141667 8
27.000000 -80.140000 8
27.000000 -80.138333 8
27.000000 -80.136667 8
27.000000 -80.135000 8
27.000000 -80.133333 8
27.000000 -80.131667 8
27.000000 -80.130000 8
27.000000 -80.128333 8
27.000000 -80.126667 8
27.000000 -80.125000 8
27.000000 -80.123333 8
27.000000 -80.121667 8
27.000000 -80.120000 8
27.000000 -80.118333 8
27.000000 -80.116667 8
27.000000 -80.115000 8
27.000000 -80.113333 8
27.000000 -80.111667 8
27.000000 -80.110000 8
27.000000 -80.108333 8
27.000000 -80.106667 8
27.000000 -80.105000 8
27.000000 -80.103333 8
27.000000 -80.101667 8
27.000000 -80.100000 8
27.000000 -80.098333 8
27.000000 -80.096667 8
27.000000 -80.095000 8
27.000000 -80.093333 8
27.000000 -80.091667 8
27.000000 -80.090000 8
27.000000 -80.088333 8
27.000000 -80.086667 8
27.000000 -80.085000 8
27.000000 -80.083333 8
27.000000 -80.081667 8
27.000000 -80.080000 8
27.000000 -80.078333 8
27.000000 -80.076667 8
27.000000 -80.075000 8
27.000000 -80.073333 8
27.000000 -80.071667 8
27.000000 -80.070000 8
27.000000 -80.068333 8
27.000000 -80.066667 8
27.000000 -80.065000 8
27.000000 -80.063333 8
27.000000 -80.061667 8
27.000000 -80.060000 8
27.000000 -80.058333 8
27.000000 -80.056667 8
27.000000 -80.055000 8
27.000000 -80.053333 8
27.000000 -80.051667 8
27.000000 -80.050000 8
27.000000 -80.048333 8
27.000000 -80.046667 8
27.000000 -80.045000 8
27.000000 -80.043333 8
27.000000 -80.041667 8
27.000000 -80.040000 8
27.000000 -80.038333 8
27.000000 -80.036667 8
27.000000 -80.035000 8
27.000000 -80.033333 8
27.000000 -80.031667 8
27.000000 -80.030000 8
27.000000 -80.028333 8
27.000000 -80.026667 8
27.000000 -80.025000 8
27.000000 -80.023333 8
27.000000 -80.021667 8
27.000000 -80.020000 8
27.000000 -80.018333 8
27.000000 -80.016667 8
27.000000 -80.015000 8
27.000000 -80.013333 8
27.000000 -80.011667 8
27.000000 -80.010000 8
27.000000 -80.008333 8
27.000000 -80.006667 8
27.000000 -80.005000 8
27.000000 -80.003333 8
27.000000 -80.001667 8
27.000000 -80.000000 8
