25.000000 -79.500000 1
25.016667 -79.500000 1
25.033333 -79.500000 1
25.050000 -79.500000 1
25.066667 -79.500000 1
25.083333 -79.500000 1
25.100000 -79.500000 1
25.116667 -79.500000 1
25.133333 -79.500000 1
25.150000 -79.500000 1
25.166667 -79.500000 1
25.183333 -79.500000 1
25.200000 -79.500000 1
25.216667 -79.500000 1
25.233333 -79.500000 1
25.250000 -79.500000 1
25.266667 -79.500000 1
25.283333 -79.500000 1
25.300000 -79.500000 1
25.316667 -79.500000 1
25.333333 -79.500000 1
25.350000 -79.500000 1
25.366667 -79.500000 1
25.383333 -79.500000 1
25.400000 -79.500000 1
25.416667 -79.500000 1
25.433333 -79.500000 1
25.450000 -79.500000 1
25.466667 -79.500000 1
25.483333 -79.500000 1
25.500000 -79.500000 1
25.516667 -79.500000 1
25.533333 -79.500000 1
25.550000 -79.500000 1
25.566667 -79.500000 1
25.583333 -79.500000 1
25.600000 -79.500000 1
25.616667 -79.500000 1
25.633333 -79.500000 1
25.650000 -79.500000 1
25.666667 -79.500000 1
25.683333 -79.500000 1
25.700000 -79.500000 1
25.716667 -79.500000 1
25.733333 -79.500000 1
25.750000 -79.500000 1
25.766667 -79.500000 1
25.783333 -79.500000 1
25.800000 -79.500000 1
25.816667 -79.500000 1
25.833333 -79.500000 1
25.850000 -79.500000 1
25.866667 -79.500000 1
25.883333 -79.500000 1
25.900000 -79.500000 1
25.916667 -79.500000 1
25.933333 -79.500000 1
25.950000 -79.500000 1
25.966667 -79.500000 1
25.983333 -79.500000 1
26.000000 -79.500000 1
26.016667 -79.500000 1
26.033333 -79.500000 1
26.050000 -79.500000 1
26.066667 -79.500000 1
26.083333 -79.500000 1
26.100000 -79.500000 1
26.116667 -79.500000 1
26.133333 -79.500000 1
26.150000 -79.500000 1
26.166667 -79.500000 1
26.183333 -79.500000 1
26.200000 -79.500000 1
26.216667 -79.500000 1
26.233333 -79.500000 1
26.250000 -79.500000 1
26.266667 -79.500000 1
26.283333 -79.500000 1
26.300000 -79.500000 1
26.316667 -79.500000 1
26.333333 -79.500000 1
26.350000 -79.500000 1
26.366667 -79.500000 1
26.383333 -79.500000 1
26.400000 -79.500000 1
26.416667 -79.500000 1
26.433333 -79.500000 1
26.450000 -79.500000 1
26.466667 -79.500000 1
26.483333 -79.500000 1
26.500000 -79.500000 1
26.516667 -79.500000 1
26.533333 -79.500000 1
26.550000 -79.500000 1
26.566667 -79.500000 1
26.583333 -79.500000 1
26.600000 -79.500000 1
26.616667 -79.500000 1
26.633333 -79.500000 1
26.650000 -79.500000 1
26.666667 -79.500000 1
26.683333 -79.500000 1
26.700000 -79.500000 1
26.716667 -79.500000 1
26.733333 -79.500000 1
26.750000 -79.500000 1
26.766667 -79.500000 1
26.783333 -79.500000 1
26.800000 -79.500000 1
26.816667 -79.500000 1
26.833333 -79.500000 1
26.850000 -79.500000 1
26.866667 -79.500000 1
26.883333 -79.500000 1
26.900000 -79.500000 1
26.916667 -79.500000 1
26.933333 -79.500000 1
26.950000 -79.500000 1
26.966667 -79.500000 1
26.983333 -79.500000 1
27.000000 -79.500000 1
27.016667 -79.500000 1
27.033333 -79.500000 1
27.050000 -79.500000 1
27.066667 -79.500000 1
27.083333 -79.500000 1
27.100000 -79.500000 1
27.116667 -79.500000 1
27.133333 -79.500000 1
27.150000 -79.500000 1
27.166667 -79.500000 1
27.183333 -79.500000 1
27.200000 -79.500000 1
27.216667 -79.500000 1
27.233333 -79.500000 1
27.250000 -79.500000 1
27.266667 -79.500000 1
27.283333 -79.500000 1
27.300000 -79.500000 1
27.316667 -79.500000 1
27.333333 -79.500000 1
27.350000 -79.500000 1
27.366667 -79.500000 1
27.383333 -79.500000 1
27.400000 -79.500000 1
27.416667 -79.500000 1
27.433333 -79.500000 1
27.450000 -79.500000 1
27.466667 -79.500000 1
27.483333 -79.500000 1
27.500000 -79.500000 1
27.516667 -79.500000 1
27.533333 -79.500000 1
27.550000 -79.500000 1
27.566667 -79.500000 1
27.583333 -79.500000 1
27.600000 -79.500000 1
27.616667 -79.500000 1
27.633333 -79.500000 1
27.650000 -79.500000 1
27.666667 -79.500000 1
27.683333 -79.500000 1
27.700000 -79.500000 1
27.716667 -79.500000 1
27.733333 -79.500000 1
27.750000 -79.500000 1
27.766667 -79.500000 1
27.783333 -79.500000 1
27.800000 -79.500000 1
27.816667 -79.500000 1
27.833333 -79.500000 1
27.850000 -79.500000 1
27.866667 -79.500000 1
27.883333 -79.500000 1
27.900000 -79.500000 1
27.916667 -79.500000 1
27.933333 -79.500000 1
27.950000 -79.500000 1
27.966667 -79.500000 1
27.983333 -79.500000 1
28.000000 -79.500000 1
28.016667 -79.500000 1
28.033333 -79.500000 1
28.050000 -79.500000 1
28.066667 -79.500000 1
28.083333 -79.500000 1
28.100000 -79.500000 1
28.116667 -79.500000 1
28.133333 -79.500000 1
28.150000 -79.500000 1
28.166667 -79.500000 1
28.183333 -79.500000 1
28.200000 -79.500000 1
28.216667 -79.500000 1
28.233333 -79.500000 1
28.250000 -79.500000 1
28.266667 -79.500000 1
28.283333 -79.500000 1
28.300000 -79.500000 1
28.316667 -79.500000 1
28.333333 -79.500000 1
28.350000 -79.500000 1
28.366667 -79.500000 1
28.383333 -79.500000 1
28.400000 -79.500000 1
28.416667 -79.500000 1
28.433333 -79.500000 1
28.450000 -79.500000 1
28.466667 -79.500000 1
28.483333 -79.500000 1
28.500000 -79.500000 1
28.516667 -79.500000 1
28.533333 -79.500000 1
28.550000 -79.500000 1
28.566667 -79.500000 1
28.583333 -79.500000 1
28.600000 -79.500000 1
28.616667 -79.500000 1
28.633333 -79.500000 1
28.650000 -79.500000 1
28.666667 -79.500000 1
28.683333 -79.500000 1
28.700000 -79.500000 1
28.716667 -79.500000 1
28.733333 -79.500000 1
28.750000 -79.500000 1
28.766667 -79.500000 1
28.783333 -79.500000 1
28.800000 -79.500000 1
28.816667 -79.500000 1
28.833333 -79.500000 1
28.850000 -79.500000 1
28.866667 -79.500000 1
28.883333 -79.500000 1
28.900000 -79.500000 1
28.916667 -79.500000 1
28.933333 -79.500000 1
28.950000 -79.500000 1
28.966667 -79.500000 1
28.983333 -79.500000 1
29.000000 -79.500000 1
29.016667 -79.500000 1
29.033333 -79.500000 1
29.050000 -79.500000 1
29.066667 -79.500000 1
29.083333 -79.500000 1
29.100000 -79.500000 1
29.116667 -79.500000 1
29.133333 -79.500000 1
29.150000 -79.500000 1
29.166667 -79.500000 1
29.183333 -79.500000 1
29.200000 -79.500000 1
29.216667 -79.500000 1
29.233333 -79.500000 1
29.250000 -79.500000 1
29.266667 -79.500000 1
29.283333 -79.500000 1
29.300000 -79.500000 1
29.316667 -79.500000 1
29.333333 -79.500000 1
29.350000 -79.500000 1
29.366667 -79.500000 1
29.383333 -79.500000 1
29.400000 -79.500000 1
29.416667 -79.500000 1
29.433333 -79.500000 1
29.450000 -79.500000 1
29.466667 -79.500000 1
29.483333 -79.500000 1
29.500000 -79.500000 1
29.516667 -79.500000 1
29.533333 -79.500000 1
29.550000 -79.500000 1
29.566667 -79.500000 1
29.583333 -79.500000 1
29.600000 -79.500000 1
29.616667 -79.500000 1
29.633333 -79.500000 1
29.650000 -79.500000 1
29.666667 -79.500000 1
29.683333 -79.500000 1
29.700000 -79.500000 1
29.716667 -79.500000 1
29.733333 -79.500000 1
29.750000 -79.500000 1
29.766667 -79.500000 1
29.783333 -79.500000 1
29.800000 -79.500000 1
29.816667 -79.500000 1
29.833333 -79.500000 1
29.850000 -79.500000 1
29.866667 -79.500000 1
29.883333 -79.500000 1
29.900000 -79.500000 1
29.916667 -79.500000 1
29.933333 -79.500000 1
29.950000 -79.500000 1
29.966667 -79.500000 1
29.983333 -79.500000 1
30.000000 -79.500000 1
30.016667 -79.500000 1
30.033333 -79.500000 1
30.050000 -79.500000 1
30.066667 -79.500000 1
30.083333 -79.500000 1
30.100000 -79.500000 1
30.116667 -79.500000 1
30.133333 -79.500000 1
30.150000 -79.500000 1
30.166667 -79.500000 1
30.183333 -79.500000 1
30.200000 -79.500000 1
30.216667 -79.500000 1
30.233333 -79.500000 1
30.250000 -79.500000 1
30.266667 -79.500000 1
30.283333 -79.500000 1
30.300000 -79.500000 1
30.316667 -79.500000 1
30.333333 -79.500000 1
30.350000 -79.500000 1
30.366667 -79.500000 1
30.383333 -79.500000 1
30.400000 -79.500000 1
30.416667 -79.500000 1
30.433333 -79.500000 1
30.450000 -79.500000 1
30.466667 -79.500000 1
30.483333 -79.500000 1
30.500000 -79.500000 1
30.516667 -79.500000 1
30.533333 -79.500000 1
30.550000 -79.500000 1
30.566667 -79.500000 1
30.583333 -79.500000 1
30.600000 -79.500000 1
30.616667 -79.500000 1
30.633333 -79.500000 1
30.650000 -79.500000 1
30.666667 -79.500000 1
30.683333 -79.500000 1
30.700000 -79.500000 1
30.716667 -79.500000 1
30.733333 -79.500000 1
30.750000 -79.500000 1
30.766667 -79.500000 1
30.783333 -79.500000 1
30.800000 -79.500000 1
30.816667 -79.500000 1
30.833333 -79.500000 1
30.850000 -79.500000 1
30.866667 -79.500000 1
30.883333 -79.500000 1
30.900000 -79.500000 1
30.916667 -79.500000 1
30.933333 -79.500000 1
30.950000 -79.500000 1
30.966667 -79.500000 1
30.983333 -79.500000 1
31.000000 -79.500000 1
25.000000 -81.500000 2
25.016667 -81.500000 2
25.033333 -81.500000 2
25.050000 -81.500000 2
25.066667 -81.500000 2
25.083333 -81.500000 2
25.100000 -81.500000 2
25.116667 -81.500000 2
25.133333 -81.500000 2
25.150000 -81.500000 2
25.166667 -81.500000 2
25.183333 -81.500000 2
25.200000 -81.500000 2
25.216667 -81.500000 2
25.233333 -81.500000 2
25.250000 -81.500000 2
25.266667 -81.500000 2
25.283333 -81.500000 2
25.300000 -81.500000 2
25.316667 -81.500000 2
25.333333 -81.500000 2
25.350000 -81.500000 2
25.366667 -81.500000 2
25.383333 -81.500000 2
25.400000 -81.500000 2
25.416667 -81.500000 2
25.433333 -81.500000 2
25.450000 -81.500000 2
25.466667 -81.500000 2
25.483333 -81.500000 2
25.500000 -81.500000 2
25.516667 -81.500000 2
25.533333 -81.500000 2
25.550000 -81.500000 2
25.566667 -81.500000 2
25.583333 -81.500000 2
25.600000 -81.500000 2
25.616667 -81.500000 2
25.633333 -81.500000 2
25.650000 -81.500000 2
25.666667 -81.500000 2
25.683333 -81.500000 2
25.700000 -81.500000 2
25.716667 -81.500000 2
25.733333 -81.500000 2
25.750000 -81.500000 2
25.766667 -81.500000 2
25.783333 -81.500000 2
25.800000 -81.500000 2
25.816667 -81.500000 2
25.833333 -81.500000 2
25.850000 -81.500000 2
25.866667 -81.500000 2
25.883333 -81.500000 2
25.900000 -81.500000 2
25.916667 -81.500000 2
25.933333 -81.500000 2
25.950000 -81.500000 2
25.966667 -81.500000 2
25.983333 -81.500000 2
26.000000 -81.500000 2
26.016667 -81.500000 2
26.033333 -81.500000 2
26.050000 -81.500000 2
26.066667 -81.500000 2
26.083333 -81.500000 2
26.100000 -81.500000 2
26.116667 -81.500000 2
26.133333 -81.500000 2
26.150000 -81.500000 2
26.166667 -81.500000 2
26.183333 -81.500000 2
26.200000 -81.500000 2
26.216667 -81.500000 2
26.233333 -81.500000 2
26.250000 -81.500000 2
26.266667 -81.500000 2
26.283333 -81.500000 2
26.300000 -81.500000 2
26.316667 -81.500000 2
26.333333 -81.500000 2
26.350000 -81.500000 2
26.366667 -81.500000 2
26.383333 -81.500000 2
26.400000 -81.500000 2
26.416667 -81.500000 2
26.433333 -81.500000 2
26.450000 -81.500000 2
26.466667 -81.500000 2
26.483333 -81.500000 2
26.500000 -81.500000 2
26.516667 -81.500000 2
26.533333 -81.500000 2
26.550000 -81.500000 2
26.566667 -81.500000 2
26.583333 -81.500000 2
26.600000 -81.500000 2
26.616667 -81.500000 2
26.633333 -81.500000 2
26.650000 -81.500000 2
26.666667 -81.500000 2
26.683333 -81.500000 2
26.700000 -81.500000 2
26.716667 -81.500000 2
26.733333 -81.500000 2
26.750000 -81.500000 2
26.766667 -81.500000 2
26.783333 -81.500000 2
26.800000 -81.500000 2
26.816667 -81.500000 2
26.833333 -81.500000 2
26.850000 -81.500000 2
26.866667 -81.500000 2
26.883333 -81.500000 2
26.900000 -81.500000 2
26.916667 -81.500000 2
26.933333 -81.500000 2
26.950000 -81.500000 2
26.966667 -81.500000 2
26.983333 -81.500000 2
27.000000 -81.500000 2
27.016667 -81.500000 2
27.033333 -81.500000 2
27.050000 -81.500000 2
27.066667 -81.500000 2
27.083333 -81.500000 2
27.100000 -81.500000 2
27.116667 -81.500000 2
27.133333 -81.500000 2
27.150000 -81.500000 2
27.166667 -81.500000 2
27.183333 -81.500000 2
27.200000 -81.500000 2
27.216667 -81.500000 2
27.233333 -81.500000 2
27.250000 -81.500000 2
27.266667 -81.500000 2
27.283333 -81.500000 2
27.300000 -81.500000 2
27.316667 -81.500000 2
27.333333 -81.500000 2
27.350000 -81.500000 2
27.366667 -81.500000 2
27.383333 -81.500000 2
27.400000 -81.500000 2
27.416667 -81.500000 2
27.433333 -81.500000 2
27.450000 -81.500000 2
27.466667 -81.500000 2
27.483333 -81.500000 2
27.500000 -81.500000 2
27.516667 -81.500000 2
27.533333 -81.500000 2
27.550000 -81.500000 2
27.566667 -81.500000 2
27.583333 -81.500000 2
27.600000 -81.500000 2
27.616667 -81.500000 2
27.633333 -81.500000 2
27.650000 -81.500000 2
27.666667 -81.500000 2
27.683333 -81.500000 2
27.700000 -81.500000 2
27.716667 -81.500000 2
27.733333 -81.500000 2
27.750000 -81.500000 2
27.766667 -81.500000 2
27.783333 -81.500000 2
27.800000 -81.500000 2
27.816667 -81.500000 2
27.833333 -81.500000 2
27.850000 -81.500000 2
27.866667 -81.500000 2
27.883333 -81.500000 2
27.900000 -81.500000 2
27.916667 -81.500000 2
27.933333 -81.500000 2
27.950000 -81.500000 2
27.966667 -81.500000 2
27.983333 -81.500000 2
28.000000 -81.500000 2
28.016667 -81.500000 2
28.033333 -81.500000 2
28.050000 -81.500000 2
28.066667 -81.500000 2
28.083333 -81.500000 2
28.100000 -81.500000 2
28.116667 -81.500000 2
28.133333 -81.500000 2
28.150000 -81.500000 2
28.166667 -81.500000 2
28.183333 -81.500000 2
28.200000 -81.500000 2
28.216667 -81.500000 2
28.233333 -81.500000 2
28.250000 -81.500000 2
28.266667 -81.500000 2
28.283333 -81.500000 2
28.300000 -81.500000 2
28.316667 -81.500000 2
28.333333 -81.500000 2
28.350000 -81.500000 2
28.366667 -81.500000 2
28.383333 -81.500000 2
28.400000 -81.500000 2
28.416667 -81.500000 2
28.433333 -81.500000 2
28.450000 -81.500000 2
28.466667 -81.500000 2
28.483333 -81.500000 2
28.500000 -81.500000 2
28.516667 -81.500000 2
28.533333 -81.500000 2
28.550000 -81.500000 2
28.566667 -81.500000 2
28.583333 -81.500000 2
28.600000 -81.500000 2
28.616667 -81.500000 2
28.633333 -81.500000 2
28.650000 -81.500000 2
28.666667 -81.500000 2
28.683333 -81.500000 2
28.700000 -81.500000 2
28.716667 -81.500000 2
28.733333 -81.500000 2
28.750000 -81.500000 2
28.766667 -81.500000 2
28.783333 -81.500000 2
28.800000 -81.500000 2
28.816667 -81.500000 2
28.833333 -81.500000 2
28.850000 -81.500000 2
28.866667 -81.500000 2
28.883333 -81.500000 2
28.900000 -81.500000 2
28.916667 -81.500000 2
28.933333 -81.500000 2
28.950000 -81.500000 2
28.966667 -81.500000 2
28.983333 -81.500000 2
29.000000 -81.500000 2
29.016667 -81.500000 2
29.033333 -81.500000 2
29.050000 -81.500000 2
29.066667 -81.500000 2
29.083333 -81.500000 2
29.100000 -81.500000 2
29.116667 -81.500000 2
29.133333 -81.500000 2
29.150000 -81.500000 2
29.166667 -81.500000 2
29.183333 -81.500000 2
29.200000 -81.500000 2
29.216667 -81.500000 2
29.233333 -81.500000 2
29.250000 -81.500000 2
29.266667 -81.500000 2
29.283333 -81.500000 2
29.300000 -81.500000 2
29.316667 -81.500000 2
29.333333 -81.500000 2
29.350000 -81.500000 2
29.366667 -81.500000 2
29.383333 -81.500000 2
29.400000 -81.500000 2
29.416667 -81.500000 2
29.433333 -81.500000 2
29.450000 -81.500000 2
29.466667 -81.500000 2
29.483333 -81.500000 2
29.500000 -81.500000 2
29.516667 -81.500000 2
29.533333 -81.500000 2
29.550000 -81.500000 2
29.566667 -81.500000 2
29.583333 -81.500000 2
29.600000 -81.500000 2
29.616667 -81.500000 2
29.633333 -81.500000 2
29.650000 -81.500000 2
29.666667 -81.500000 2
29.683333 -81.500000 2
29.700000 -81.500000 2
29.716667 -81.500000 2
29.733333 -81.500000 2
29.750000 -81.500000 2
29.766667 -81.500000 2
29.783333 -81.500000 2
29.800000 -81.500000 2
29.816667 -81.500000 2
29.833333 -81.500000 2
29.850000 -81.500000 2
29.866667 -81.500000 2
29.883333 -81.500000 2
29.900000 -81.500000 2
29.916667 -81.500000 2
29.933333 -81.500000 2
29.950000 -81.500000 2
29.966667 -81.500000 2
29.983333 -81.500000 2
30.000000 -81.500000 2
30.016667 -81.500000 2
30.033333 -81.500000 2
30.050000 -81.500000 2
30.066667 -81.500000 2
30.083333 -81.500000 2
30.100000 -81.500000 2
30.116667 -81.500000 2
30.133333 -81.500000 2
30.150000 -81.500000 2
30.166667 -81.500000 2
30.183333 -81.500000 2
30.200000 -81.500000 2
30.216667 -81.500000 2
30.233333 -81.500000 2
30.250000 -81.500000 2
30.266667 -81.500000 2
30.283333 -81.500000 2
30.300000 -81.500000 2
30.316667 -81.500000 2
30.333333 -81.500000 2
30.350000 -81.500000 2
30.366667 -81.500000 2
30.383333 -81.500000 2
30.400000 -81.500000 2
30.416667 -81.500000 2
30.433333 -81.500000 2
30.450000 -81.500000 2
30.466667 -81.500000 2
30.483333 -81.500000 2
30.500000 -81.500000 2
30.516667 -81.500000 2
30.533333 -81.500000 2
30.550000 -81.500000 2
30.566667 -81.500000 2
30.583333 -81.500000 2
30.600000 -81.500000 2
30.616667 -81.500000 2
30.633333 -81.500000 2
30.650000 -81.500000 2
30.666667 -81.500000 2
30.683333 -81.500000 2
30.700000 -81.500000 2
30.716667 -81.500000 2
30.733333 -81.500000 2
30.750000 -81.500000 2
30.766667 -81.500000 2
30.783333 -81.500000 2
30.800000 -81.500000 2
30.816667 -81.500000 2
30.833333 -81.500000 2
30.850000 -81.500000 2
30.866667 -81.500000 2
30.883333 -81.500000 2
30.900000 -81.500000 2
30.916667 -81.500000 2
30.933333 -81.500000 2
30.950000 -81.500000 2
30.966667 -81.500000 2
30.983333 -81.500000 2
31.000000 -81.500000 2
25.000000 -81.500000 3
25.000000 -81.483333 3
25.000000 -81.466667 3
25.000000 -81.450000 3
25.000000 -81.433333 3
25.000000 -81.416667 3
25.000000 -81.400000 3
25.000000 -81.383333 3
25.000000 -81.366667 3
25.000000 -81.350000 3
25.000000 -81.333333 3
25.000000 -81.316667 3
25.000000 -81.300000 3
25.000000 -81.283333 3
25.000000 -81.266667 3
25.000000 -81.250000 3
25.000000 -81.233333 3
25.000000 -81.216667 3
25.000000 -81.200000 3
25.000000 -81.183333 3
25.000000 -81.166667 3
25.000000 -81.150000 3
25.000000 -81.133333 3
25.000000 -81.116667 3
25.000000 -81.100000 3
25.000000 -81.083333 3
25.000000 -81.066667 3
25.000000 -81.050000 3
25.000000 -81.033333 3
25.000000 -81.016667 3
25.000000 -81.000000 3
25.000000 -80.983333 3
25.000000 -80.966667 3
25.000000 -80.950000 3
25.000000 -80.933333 3
25.000000 -80.916667 3
25.000000 -80.900000 3
25.000000 -80.883333 3
25.000000 -80.866667 3
25.000000 -80.850000 3
25.000000 -80.833333 3
25.000000 -80.816667 3
25.000000 -80.800000 3
25.000000 -80.783333 3
25.000000 -80.766667 3
25.000000 -80.750000 3
25.000000 -80.733333 3
25.000000 -80.716667 3
25.000000 -80.700000 3
25.000000 -80.683333 3
25.000000 -80.666667 3
25.000000 -80.650000 3
25.000000 -80.633333 3
25.000000 -80.616667 3
25.000000 -80.600000 3
25.000000 -80.583333 3
25.000000 -80.566667 3
25.000000 -80.550000 3
25.000000 -80.533333 3
25.000000 -80.516667 3
25.000000 -80.500000 3
25.000000 -80.483333 3
25.000000 -80.466667 3
25.000000 -80.450000 3
25.000000 -80.433333 3
25.000000 -80.416667 3
25.000000 -80.400000 3
25.000000 -80.383333 3
25.000000 -80.366667 3
25.000000 -80.350000 3
25.000000 -80.333333 3
25.000000 -80.316667 3
25.000000 -80.300000 3
25.000000 -80.283333 3
25.000000 -80.266667 3
25.000000 -80.250000 3
25.000000 -80.233333 3
25.000000 -80.216667 3
25.000000 -80.200000 3
25.000000 -80.183333 3
25.000000 -80.166667 3
25.000000 -80.150000 3
25.000000 -80.133333 3
25.000000 -80.116667 3
25.000000 -80.100000 3
25.000000 -80.083333 3
25.000000 -80.066667 3
25.000000 -80.050000 3
25.000000 -80.033333 3
25.000000 -80.016667 3
25.000000 -80.000000 3
25.000000 -79.983333 3
25.000000 -79.966667 3
25.000000 -79.950000 3
25.000000 -79.933333 3
25.000000 -79.916667 3
25.000000 -79.900000 3
25.000000 -79.883333 3
25.000000 -79.866667 3
25.000000 -79.850000 3
25.000000 -79.833333 3
25.000000 -79.816667 3
25.000000 -79.800000 3
25.000000 -79.783333 3
25.000000 -79.766667 3
25.000000 -79.750000 3
25.000000 -79.733333 3
25.000000 -79.716667 3
25.000000 -79.700000 3
25.000000 -79.683333 3
25.000000 -79.666667 3
25.000000 -79.650000 3
25.000000 -79.633333 3
25.000000 -79.616667 3
25.000000 -79.600000 3
25.000000 -79.583333 3
25.000000 -79.566667 3
25.000000 -79.550000 3
25.000000 -79.533333 3
25.000000 -79.516667 3
25.000000 -79.500000 3
31.000000 -81.500000 4
31.000000 -81.483333 4
31.000000 -81.466667 4
31.000000 -81.450000 4
31.000000 -81.433333 4
31.000000 -81.416667 4
31.000000 -81.400000 4
31.000000 -81.383333 4
31.000000 -81.366667 4
31.000000 -81.350000 4
31.000000 -81.333333 4
31.000000 -81.316667 4
31.000000 -81.300000 4
31.000000 -81.283333 4
31.000000 -81.266667 4
31.000000 -81.250000 4
31.000000 -81.233333 4
31.000000 -81.216667 4
31.000000 -81.200000 4
31.000000 -81.183333 4
31.000000 -81.166667 4
31.000000 -81.150000 4
31.000000 -81.133333 4
31.000000 -81.116667 4
31.000000 -81.100000 4
31.000000 -81.083333 4
31.000000 -81.066667 4
31.000000 -81.050000 4
31.000000 -81.033333 4
31.000000 -81.016667 4
31.000000 -81.000000 4
31.000000 -80.983333 4
31.000000 -80.966667 4
31.000000 -80.950000 4
31.000000 -80.933333 4
31.000000 -80.916667 4
31.000000 -80.900000 4
31.000000 -80.883333 4
31.000000 -80.866667 4
31.000000 -80.850000 4
31.000000 -80.833333 4
31.000000 -80.816667 4
31.000000 -80.800000 4
31.000000 -80.783333 4
31.000000 -80.766667 4
31.000000 -80.750000 4
31.000000 -80.733333 4
31.000000 -80.716667 4
31.000000 -80.700000 4
31.000000 -80.683333 4
31.000000 -80.666667 4
31.000000 -80.650000 4
31.000000 -80.633333 4
31.000000 -80.616667 4
31.000000 -80.600000 4
31.000000 -80.583333 4
31.000000 -80.566667 4
31.000000 -80.550000 4
31.000000 -80.533333 4
31.000000 -80.516667 4
31.000000 -80.500000 4
31.000000 -80.483333 4
31.000000 -80.466667 4
31.000000 -80.450000 4
31.000000 -80.433333 4
31.000000 -80.416667 4
31.000000 -80.400000 4
31.000000 -80.383333 4
31.000000 -80.366667 4
31.000000 -80.350000 4
31.000000 -80.333333 4
31.000000 -80.316667 4
31.000000 -80.300000 4
31.000000 -80.283333 4
31.000000 -80.266667 4
31.000000 -80.250000 4
31.000000 -80.233333 4
31.000000 -80.216667 4
31.000000 -80.200000 4
31.000000 -80.183333 4
31.000000 -80.166667 4
31.000000 -80.150000 4
31.000000 -80.133333 4
31.000000 -80.116667 4
31.000000 -80.100000 4
31.000000 -80.083333 4
31.000000 -80.066667 4
31.000000 -80.050000 4
31.000000 -80.033333 4
31.000000 -80.016667 4
31.000000 -80.000000 4
31.000000 -79.983333 4
31.000000 -79.966667 4
31.000000 -79.950000 4
31.000000 -79.933333 4
31.000000 -79.916667 4
31.000000 -79.900000 4
31.000000 -79.883333 4
31.000000 -79.866667 4
31.000000 -79.850000 4
31.000000 -79.833333 4
31.000000 -79.816667 4
31.000000 -79.800000 4
31.000000 -79.783333 4
31.000000 -79.766667 4
31.000000 -79.750000 4
31.000000 -79.733333 4
31.000000 -79.716667 4
31.000000 -79.700000 4
31.000000 -79.683333 4
31.000000 -79.666667 4
31.000000 -79.650000 4
31.000000 -79.633333 4
31.000000 -79.616667 4
31.000000 -79.600000 4
31.000000 -79.583333 4
31.000000 -79.566667 4
31.000000 -79.550000 4
31.000000 -79.533333 4
31.000000 -79.516667 4
31.000000 -79.500000 4
